0.009 0.467 0.998 0.000
0.026 0.470 0.999 0.000
0.044 0.477 0.999 0.000
0.061 0.484 0.999 0.000
0.078 0.487 0.999 0.000
0.096 0.478 1.000 0.000
0.113 0.480 1.000 0.000
0.131 0.488 1.000 0.000
0.148 0.492 1.000 0.000
0.166 0.496 1.000 0.000
0.183 0.483 1.000 0.000
0.201 0.488 1.000 0.000
0.218 0.509 1.000 0.000
0.235 0.518 1.000 0.000
0.253 0.527 1.000 0.000
0.270 0.513 1.000 0.000
0.288 0.517 0.999 0.000
0.305 0.511 0.999 0.000
0.323 0.536 0.999 0.000
0.340 0.585 0.999 0.000
0.358 0.786 0.996 0.000
0.375 0.747 0.995 0.000
0.392 0.742 0.993 0.000
0.410 0.745 0.988 0.000
0.427 0.738 0.980 0.000
0.445 0.729 0.969 0.000
0.462 0.715 0.955 0.000
0.480 0.696 0.932 0.000
0.497 0.683 0.889 0.000
0.515 0.669 0.814 0.000
0.532 0.668 0.630 0.000
0.549 0.654 0.479 0.000
0.567 0.667 0.387 0.000
0.584 0.711 0.286 0.000
0.602 0.774 0.194 0.000
0.619 0.831 0.122 0.000
0.637 0.876 0.058 0.000
0.654 0.912 0.027 0.000
0.672 0.945 0.012 0.000
0.689 0.978 0.004 0.000
0.706 0.991 0.001 0.000
0.724 0.996 0.000 0.000
0.741 0.998 0.000 0.000
0.759 0.998 0.000 0.000
0.776 0.999 0.000 0.000
0.794 0.999 0.000 0.000
0.811 0.999 0.000 0.000
0.828 0.999 0.000 0.000
0.846 0.999 0.000 0.000
0.863 0.999 0.000 0.000
0.881 0.999 0.000 0.000
0.898 0.999 0.000 0.000
0.916 0.999 0.000 0.000
0.933 0.998 0.000 0.000
0.951 0.997 0.000 0.000
0.968 0.996 0.000 0.000
0.985 0.994 0.001 0.000
1.003 0.945 0.006 0.002
1.020 0.939 0.006 0.002
1.038 0.929 0.005 0.002
1.055 0.914 0.005 0.002
1.073 0.890 0.004 0.002
1.090 0.855 0.004 0.002
1.108 0.808 0.004 0.003
1.125 0.762 0.003 0.003
1.142 0.711 0.003 0.003
1.160 0.668 0.003 0.004
1.177 0.623 0.003 0.005
1.195 0.584 0.002 0.005
1.212 0.546 0.002 0.006
1.230 0.513 0.002 0.007
1.247 0.481 0.002 0.008
1.265 0.455 0.002 0.009
1.282 0.436 0.002 0.010
1.299 0.411 0.001 0.012
1.317 0.383 0.001 0.014
1.334 0.364 0.001 0.015
1.352 0.351 0.001 0.017
1.369 0.348 0.001 0.019
1.387 0.329 0.001 0.018
1.404 0.325 0.001 0.018
1.422 0.325 0.001 0.018
1.439 0.329 0.001 0.018
1.456 0.340 0.002 0.017
1.474 0.361 0.002 0.017
1.491 0.365 0.002 0.017
1.509 0.362 0.001 0.018
1.526 0.386 0.001 0.018
1.544 0.431 0.001 0.017
1.561 0.474 0.001 0.015
1.578 0.511 0.001 0.013
1.596 0.522 0.001 0.013
1.613 0.515 0.001 0.022
1.631 0.531 0.001 0.033
1.648 0.575 0.001 0.039
1.666 0.603 0.002 0.037
1.683 0.615 0.002 0.038
1.701 0.608 0.003 0.041
1.718 0.629 0.005 0.037
1.735 0.646 0.009 0.037
1.753 0.649 0.021 0.028
1.770 0.656 0.085 0.015
1.788 0.581 0.231 0.005
1.805 0.551 0.359 0.002
1.823 0.713 0.465 0.019
1.840 0.779 0.620 0.022
1.858 0.898 0.881 0.006
1.875 0.938 0.972 0.001
1.892 0.953 0.989 0.000
1.910 0.940 0.995 0.000
1.927 0.887 0.999 0.000
1.945 0.868 0.999 0.000
1.962 0.880 1.000 0.000
1.980 0.879 1.000 0.000
1.997 0.854 1.000 0.000
2.015 0.862 1.000 0.000
2.032 0.868 1.000 0.000
2.049 0.869 1.000 0.000
2.067 0.858 1.000 0.000
2.084 0.850 1.000 0.000
2.102 0.839 1.000 0.000
2.119 0.836 1.000 0.000
2.137 0.830 1.000 0.000
2.154 0.834 1.000 0.000
2.172 0.831 1.000 0.000
2.189 0.843 1.000 0.000
2.206 0.859 0.999 0.000
2.224 0.859 0.999 0.000
2.241 0.864 0.999 0.000
2.259 0.872 0.999 0.000
2.276 0.876 0.999 0.000
2.294 0.878 0.999 0.000
2.311 0.875 0.999 0.000
2.328 0.865 0.998 0.000
2.346 0.846 0.998 0.000
2.363 0.816 0.997 0.000
2.381 0.780 0.995 0.000
2.398 0.759 0.992 0.000
2.416 0.737 0.988 0.000
2.433 0.706 0.979 0.000
2.451 0.622 0.960 0.000
2.468 0.529 0.915 0.000
2.485 0.462 0.848 0.000
2.503 0.352 0.754 0.000
2.520 0.356 0.648 0.000
2.538 0.349 0.514 0.000
2.555 0.347 0.324 0.000
2.573 0.368 0.196 0.000
2.590 0.379 0.138 0.000
2.608 0.384 0.065 0.000
2.625 0.393 0.029 0.000
2.642 0.389 0.013 0.000
2.660 0.362 0.006 0.000
2.677 0.318 0.003 0.000
2.695 0.249 0.001 0.000
2.712 0.176 0.001 0.000
2.730 0.138 0.000 0.000
2.747 0.120 0.000 0.000
2.765 0.118 0.000 0.000
2.782 0.125 0.000 0.000
2.799 0.134 0.000 0.000
2.817 0.146 0.000 0.000
2.834 0.169 0.000 0.000
2.852 0.211 0.000 0.000
2.869 0.306 0.000 0.000
2.887 0.457 0.000 0.000
2.904 0.568 0.000 0.000
2.922 0.631 0.001 0.000
2.939 0.713 0.001 0.000
2.956 0.837 0.001 0.000
2.974 0.933 0.001 0.000
2.991 0.970 0.001 0.000
3.009 0.986 0.007 0.000
3.026 0.992 0.004 0.000
3.044 0.994 0.003 0.000
3.061 0.995 0.002 0.000
3.078 0.995 0.002 0.000
3.096 0.996 0.002 0.000
3.113 0.996 0.001 0.000
3.131 0.997 0.001 0.000
3.148 0.997 0.001 0.000
3.166 0.998 0.001 0.000
3.183 0.998 0.001 0.000
3.201 0.998 0.001 0.000
3.218 0.998 0.001 0.000
3.235 0.998 0.001 0.000
3.253 0.998 0.002 0.000
3.270 0.997 0.002 0.000
3.288 0.997 0.003 0.000
3.305 0.996 0.004 0.000
3.323 0.995 0.005 0.000
3.340 0.994 0.006 0.000
3.358 0.994 0.007 0.000
3.375 0.992 0.009 0.000
3.392 0.991 0.011 0.000
3.410 0.990 0.015 0.000
3.427 0.990 0.019 0.000
3.445 0.987 0.024 0.000
3.462 0.985 0.032 0.000
3.480 0.981 0.037 0.000
3.497 0.980 0.046 0.000
3.515 0.973 0.055 0.000
3.532 0.962 0.073 0.000
3.549 0.949 0.105 0.000
3.567 0.928 0.153 0.000
3.584 0.893 0.237 0.000
3.602 0.853 0.369 0.000
3.619 0.813 0.477 0.000
3.637 0.775 0.531 0.000
3.654 0.751 0.588 0.000
3.672 0.796 0.727 0.000
3.689 0.802 0.809 0.000
3.706 0.819 0.864 0.000
3.724 0.877 0.927 0.000
3.741 0.897 0.955 0.000
3.759 0.902 0.959 0.000
3.776 0.917 0.952 0.000
3.794 0.922 0.940 0.000
3.811 0.923 0.927 0.000
3.828 0.919 0.923 0.000
3.846 0.915 0.923 0.000
3.863 0.898 0.932 0.000
3.881 0.881 0.928 0.000
3.898 0.864 0.920 0.000
3.916 0.855 0.919 0.000
3.933 0.858 0.912 0.000
3.951 0.854 0.899 0.000
3.968 0.841 0.873 0.000
3.985 0.826 0.840 0.000
4.003 0.770 0.729 0.000
4.020 0.761 0.705 0.000
4.038 0.748 0.693 0.000
4.055 0.705 0.662 0.000
4.073 0.634 0.595 0.000
4.090 0.611 0.541 0.000
4.108 0.615 0.500 0.000
4.125 0.613 0.426 0.000
4.142 0.570 0.327 0.000
4.160 0.534 0.221 0.000
4.177 0.502 0.125 0.000
4.195 0.511 0.075 0.000
4.212 0.537 0.049 0.000
4.230 0.570 0.032 0.000
4.247 0.613 0.019 0.000
4.265 0.657 0.010 0.000
4.282 0.700 0.006 0.000
4.299 0.736 0.004 0.000
4.317 0.769 0.003 0.000
4.334 0.800 0.002 0.000
4.352 0.826 0.001 0.000
4.369 0.849 0.001 0.000
4.387 0.869 0.001 0.000
4.404 0.888 0.001 0.000
4.422 0.905 0.001 0.000
4.439 0.918 0.001 0.000
4.456 0.927 0.001 0.000
4.474 0.933 0.002 0.000
4.491 0.938 0.002 0.000
4.509 0.998 0.000 0.000
4.526 0.999 0.000 0.000
4.544 0.999 0.000 0.000
4.561 0.999 0.000 0.000
4.578 0.999 0.000 0.000
4.596 0.999 0.000 0.000
4.613 0.999 0.000 0.000
4.631 0.999 0.000 0.000
4.648 0.999 0.000 0.000
4.666 0.999 0.000 0.000
4.683 0.999 0.000 0.000
4.701 0.999 0.000 0.000
4.718 1.000 0.000 0.000
4.735 1.000 0.000 0.000
4.753 1.000 0.000 0.000
4.770 1.000 0.000 0.000
4.788 1.000 0.000 0.000
4.805 1.000 0.000 0.000
4.823 0.999 0.000 0.000
4.840 0.998 0.000 0.000
4.858 0.996 0.001 0.000
4.875 0.993 0.001 0.000
4.892 0.987 0.002 0.000
4.910 0.979 0.002 0.000
4.927 0.968 0.002 0.000
4.945 0.960 0.002 0.000
4.962 0.947 0.002 0.000
4.980 0.916 0.001 0.000
4.997 0.835 0.001 0.000
5.015 0.769 0.001 0.000
5.032 0.692 0.001 0.000
5.049 0.622 0.001 0.000
5.067 0.569 0.001 0.000
5.084 0.533 0.001 0.000
5.102 0.516 0.001 0.000
5.119 0.520 0.001 0.000
5.137 0.530 0.001 0.000
5.154 0.542 0.001 0.000
5.172 0.550 0.001 0.000
5.189 0.570 0.001 0.000
5.206 0.602 0.001 0.000
5.224 0.642 0.001 0.000
5.241 0.690 0.001 0.000
5.259 0.732 0.001 0.000
5.276 0.774 0.001 0.000
5.294 0.819 0.001 0.000
5.311 0.861 0.002 0.000
5.328 0.898 0.002 0.000
5.346 0.923 0.003 0.000
5.363 0.941 0.003 0.000
5.381 0.957 0.003 0.000
5.398 0.972 0.004 0.000
5.416 0.984 0.004 0.000
5.433 0.990 0.005 0.000
5.451 0.994 0.007 0.000
5.468 0.996 0.004 0.000
5.485 0.997 0.001 0.000
5.503 0.999 0.000 0.000
5.520 0.999 0.000 0.000
5.538 0.998 0.000 0.000
5.555 0.997 0.000 0.000
5.573 0.994 0.001 0.000
5.590 0.987 0.001 0.000
5.608 0.969 0.002 0.000
5.625 0.943 0.002 0.000
5.642 0.926 0.002 0.000
5.660 0.901 0.002 0.000
5.677 0.835 0.002 0.000
5.695 0.722 0.005 0.000
5.712 0.605 0.025 0.000
5.730 0.502 0.135 0.000
5.747 0.440 0.175 0.000
5.765 0.402 0.234 0.000
5.782 0.431 0.368 0.000
5.799 0.529 0.507 0.001
5.817 0.746 0.725 0.001
5.834 0.584 0.968 0.000
5.852 0.628 0.979 0.000
5.869 0.642 0.983 0.000
5.887 0.623 0.985 0.000
5.904 0.595 0.986 0.000
5.922 0.584 0.986 0.000
5.939 0.566 0.985 0.000
5.956 0.557 0.985 0.000
5.974 0.555 0.985 0.000
5.991 0.563 0.986 0.000
6.009 0.652 0.899 0.000
6.026 0.653 0.896 0.000
6.044 0.647 0.892 0.000
6.061 0.663 0.881 0.000
6.078 0.701 0.866 0.000
6.096 0.800 0.837 0.000
6.113 0.792 0.810 0.000
6.131 0.791 0.775 0.000
6.148 0.787 0.730 0.000
6.166 0.802 0.690 0.000
6.183 0.823 0.638 0.000
6.201 0.857 0.588 0.000
6.218 0.880 0.536 0.000
6.235 0.899 0.478 0.000
6.253 0.923 0.426 0.000
6.270 0.940 0.372 0.000
6.288 0.951 0.320 0.000
6.305 0.959 0.269 0.000
6.323 0.960 0.226 0.000
6.340 0.959 0.183 0.000
6.358 0.954 0.137 0.000
6.375 0.954 0.097 0.000
6.392 0.959 0.075 0.000
6.410 0.957 0.051 0.000
6.427 0.953 0.035 0.000
6.445 0.947 0.025 0.000
6.462 0.943 0.020 0.000
6.480 0.937 0.015 0.001
6.497 0.958 0.002 0.000
6.515 0.948 0.002 0.000
6.532 0.940 0.001 0.000
6.549 0.934 0.001 0.000
6.567 0.928 0.001 0.000
6.584 0.925 0.001 0.000
6.602 0.922 0.000 0.000
6.619 0.922 0.000 0.000
6.637 0.922 0.000 0.000
6.654 0.922 0.000 0.000
6.672 0.925 0.000 0.000
6.689 0.929 0.000 0.000
6.706 0.936 0.000 0.000
6.724 0.944 0.000 0.000
6.741 0.949 0.000 0.000
6.759 0.953 0.000 0.000
6.776 0.956 0.000 0.000
6.794 0.959 0.000 0.000
6.811 0.962 0.000 0.000
6.828 0.965 0.000 0.000
6.846 0.968 0.000 0.000
6.863 0.971 0.000 0.000
6.881 0.976 0.000 0.000
6.898 0.982 0.000 0.000
6.916 0.989 0.000 0.000
6.933 0.994 0.000 0.000
6.951 0.996 0.000 0.000
6.968 0.997 0.000 0.000
6.985 0.998 0.000 0.000
7.003 0.994 0.001 0.000
7.020 0.997 0.000 0.000
7.038 0.997 0.000 0.000
7.055 0.998 0.000 0.000
7.073 0.998 0.000 0.000
7.090 0.998 0.000 0.000
7.108 0.999 0.000 0.000
7.125 0.999 0.000 0.000
7.142 0.999 0.000 0.000
7.160 0.998 0.000 0.000
7.177 0.997 0.000 0.000
7.195 0.995 0.000 0.000
7.212 0.992 0.000 0.000
7.230 0.986 0.001 0.000
7.247 0.976 0.001 0.000
7.265 0.960 0.001 0.000
7.282 0.936 0.001 0.000
7.299 0.910 0.001 0.000
7.317 0.890 0.001 0.000
7.334 0.854 0.001 0.000
7.352 0.799 0.001 0.000
7.369 0.721 0.001 0.000
7.387 0.616 0.001 0.000
7.404 0.554 0.001 0.000
7.422 0.499 0.001 0.000
7.439 0.470 0.001 0.000
7.456 0.420 0.001 0.000
7.474 0.355 0.001 0.000
7.491 0.277 0.001 0.000
7.509 0.229 0.000 0.000
7.526 0.200 0.000 0.000
7.544 0.202 0.000 0.000
7.561 0.219 0.000 0.000
7.578 0.235 0.000 0.000
7.596 0.253 0.000 0.000
7.613 0.310 0.000 0.000
7.631 0.441 0.000 0.000
7.648 0.681 0.000 0.000
7.666 0.741 0.000 0.000
7.683 0.814 0.001 0.000
7.701 0.892 0.001 0.000
7.718 0.929 0.001 0.000
7.735 0.955 0.001 0.000
7.753 0.976 0.001 0.000
7.770 0.984 0.001 0.000
7.788 0.986 0.001 0.000
7.805 0.987 0.001 0.000
7.823 0.987 0.001 0.000
7.840 0.989 0.001 0.000
7.858 0.990 0.002 0.000
7.875 0.991 0.002 0.000
7.892 0.991 0.003 0.000
7.910 0.988 0.004 0.000
7.927 0.985 0.004 0.000
7.945 0.977 0.009 0.000
7.962 0.962 0.033 0.000
7.980 0.925 0.133 0.000
7.997 0.832 0.483 0.000
8.015 0.844 0.525 0.000
8.032 0.829 0.688 0.000
8.049 0.853 0.882 0.000
8.067 0.861 0.964 0.000
8.084 0.854 0.990 0.000
8.102 0.849 0.995 0.000
8.119 0.836 0.996 0.000
8.137 0.827 0.996 0.000
8.154 0.806 0.996 0.000
8.172 0.791 0.996 0.000
8.189 0.775 0.996 0.000
8.206 0.757 0.996 0.000
8.224 0.737 0.995 0.000
8.241 0.710 0.995 0.000
8.259 0.684 0.995 0.000
8.276 0.666 0.994 0.000
8.294 0.641 0.994 0.000
8.311 0.610 0.993 0.000
8.328 0.569 0.992 0.000
8.346 0.706 0.977 0.000
8.363 0.666 0.961 0.000
8.381 0.644 0.924 0.000
8.398 0.666 0.874 0.000
8.416 0.698 0.795 0.000
8.433 0.756 0.647 0.000
8.451 0.815 0.553 0.000
8.468 0.875 0.472 0.000
8.485 0.920 0.383 0.000
8.503 0.959 0.223 0.000
8.520 0.974 0.108 0.000
8.538 0.984 0.045 0.000
8.555 0.990 0.016 0.000
8.573 0.992 0.006 0.000
8.590 0.994 0.003 0.000
8.608 0.994 0.001 0.000
8.625 0.995 0.001 0.000
8.642 0.996 0.000 0.000
8.660 0.996 0.000 0.000
8.677 0.996 0.000 0.000
8.695 0.997 0.000 0.000
8.712 0.997 0.000 0.000
8.730 0.996 0.000 0.000
8.747 0.995 0.000 0.000
8.765 0.993 0.000 0.000
8.782 0.992 0.000 0.000
8.799 0.990 0.001 0.000
8.817 0.988 0.001 0.000
8.834 0.985 0.001 0.000
8.852 0.982 0.001 0.000
8.869 0.977 0.001 0.000
8.887 0.974 0.001 0.000
8.904 0.973 0.001 0.000
8.922 0.973 0.001 0.000
8.939 0.973 0.001 0.000
8.956 0.974 0.001 0.000
8.974 0.975 0.001 0.000
8.991 0.976 0.001 0.000
9.009 0.915 0.005 0.000
9.026 0.911 0.004 0.000
9.044 0.902 0.004 0.000
9.061 0.890 0.004 0.000
9.078 0.870 0.004 0.000
9.096 0.843 0.003 0.000
9.113 0.807 0.003 0.000
9.131 0.755 0.003 0.001
9.148 0.688 0.003 0.001
9.166 0.619 0.004 0.001
9.183 0.564 0.004 0.001
9.201 0.512 0.004 0.002
9.218 0.470 0.004 0.003
9.235 0.424 0.004 0.004
9.253 0.375 0.004 0.006
9.270 0.331 0.004 0.007
9.288 0.297 0.004 0.008
9.305 0.261 0.004 0.009
9.323 0.256 0.004 0.009
9.340 0.256 0.004 0.009
9.358 0.249 0.004 0.011
9.375 0.235 0.004 0.011
9.392 0.221 0.004 0.013
9.410 0.200 0.004 0.014
9.427 0.191 0.003 0.014
9.445 0.185 0.004 0.013
9.462 0.180 0.004 0.012
9.480 0.177 0.004 0.011
9.497 0.148 0.001 0.010
9.515 0.145 0.001 0.009
9.532 0.139 0.001 0.008
9.549 0.138 0.001 0.007
9.567 0.136 0.001 0.006
9.584 0.134 0.001 0.006
9.602 0.132 0.001 0.005
9.619 0.124 0.001 0.005
9.637 0.123 0.001 0.003
9.654 0.120 0.001 0.003
9.672 0.114 0.001 0.003
9.689 0.112 0.001 0.002
9.706 0.118 0.001 0.002
9.724 0.121 0.001 0.002
9.741 0.128 0.001 0.001
9.759 0.134 0.001 0.001
9.776 0.139 0.002 0.001
9.794 0.139 0.003 0.001
9.811 0.145 0.004 0.001
9.828 0.157 0.005 0.001
9.846 0.149 0.006 0.001
9.863 0.124 0.021 0.001
9.881 0.110 0.123 0.000
9.898 0.122 0.203 0.000
9.916 0.213 0.333 0.000
9.933 0.054 0.688 0.000
9.951 0.070 0.836 0.001
9.968 0.183 0.966 0.000
9.985 0.293 0.991 0.000
10.003 0.285 0.993 0.000
10.020 0.227 0.996 0.000
10.038 0.149 0.998 0.000
10.055 0.109 0.999 0.000
10.073 0.106 0.999 0.000
10.090 0.111 0.999 0.000
10.108 0.114 0.999 0.000
10.125 0.106 0.998 0.000
10.142 0.107 0.998 0.000
10.160 0.115 0.998 0.000
10.177 0.135 0.998 0.000
10.195 0.160 0.997 0.000
10.212 0.183 0.997 0.000
10.230 0.183 0.997 0.000
10.247 0.183 0.995 0.000
10.265 0.153 0.992 0.000
10.282 0.110 0.988 0.000
10.299 0.083 0.962 0.000
10.317 0.088 0.932 0.000
10.334 0.134 0.781 0.000
10.352 0.122 0.601 0.000
10.369 0.122 0.458 0.000
10.387 0.114 0.337 0.001
10.404 0.120 0.260 0.001
10.422 0.109 0.214 0.001
10.439 0.108 0.157 0.001
10.456 0.102 0.070 0.001
10.474 0.089 0.041 0.001
10.491 0.085 0.025 0.001
10.509 0.040 0.004 0.000
10.526 0.034 0.002 0.000
10.544 0.031 0.001 0.000
10.561 0.030 0.001 0.000
10.578 0.029 0.001 0.000
10.596 0.029 0.001 0.000
10.613 0.029 0.000 0.000
10.631 0.030 0.000 0.000
10.648 0.031 0.000 0.000
10.666 0.034 0.000 0.000
10.683 0.036 0.000 0.000
10.701 0.038 0.000 0.000
10.718 0.045 0.000 0.000
10.735 0.064 0.000 0.000
10.753 0.122 0.000 0.000
10.770 0.243 0.001 0.000
10.788 0.347 0.001 0.000
10.805 0.393 0.001 0.000
10.823 0.438 0.001 0.000
10.840 0.510 0.001 0.000
10.858 0.585 0.001 0.000
10.875 0.676 0.001 0.000
10.892 0.744 0.001 0.000
10.910 0.790 0.001 0.000
10.927 0.829 0.001 0.000
10.945 0.859 0.001 0.000
10.962 0.893 0.001 0.000
10.980 0.919 0.001 0.000
10.997 0.927 0.004 0.000
11.015 0.937 0.003 0.000
11.032 0.943 0.002 0.000
11.049 0.944 0.002 0.000
11.067 0.948 0.002 0.000
11.084 0.956 0.002 0.000
11.102 0.962 0.002 0.000
11.119 0.964 0.002 0.000
11.137 0.963 0.002 0.000
11.154 0.961 0.002 0.000
11.172 0.955 0.002 0.000
11.189 0.952 0.002 0.000
11.206 0.948 0.002 0.000
11.224 0.945 0.002 0.000
11.241 0.941 0.002 0.000
11.259 0.938 0.002 0.000
11.276 0.935 0.003 0.000
11.294 0.933 0.003 0.000
11.311 0.931 0.003 0.000
11.328 0.931 0.004 0.000
11.346 0.932 0.004 0.000
11.363 0.936 0.005 0.000
11.381 0.939 0.005 0.000
11.398 0.943 0.007 0.000
11.416 0.946 0.007 0.000
11.433 0.947 0.009 0.000
11.451 0.944 0.010 0.000
11.468 0.940 0.013 0.000
11.485 0.934 0.017 0.000
11.503 0.936 0.019 0.000
11.520 0.931 0.022 0.000
11.538 0.927 0.025 0.000
11.555 0.921 0.027 0.000
11.573 0.917 0.028 0.000
11.590 0.914 0.031 0.000
11.608 0.913 0.037 0.000
11.625 0.918 0.046 0.000
11.642 0.927 0.056 0.000
11.660 0.932 0.060 0.000
11.677 0.935 0.060 0.000
11.695 0.938 0.056 0.000
11.712 0.946 0.058 0.001
11.730 0.952 0.058 0.001
11.747 0.956 0.043 0.001
11.765 0.961 0.034 0.000
11.782 0.971 0.041 0.001
11.799 0.973 0.049 0.000
11.817 0.974 0.054 0.000
11.834 0.975 0.063 0.000
11.852 0.976 0.075 0.000
11.869 0.978 0.078 0.000
11.887 0.978 0.084 0.000
11.904 0.978 0.090 0.000
11.922 0.978 0.092 0.000
11.939 0.977 0.095 0.000
11.956 0.978 0.103 0.000
11.974 0.980 0.105 0.000
11.991 0.983 0.086 0.000
12.009 0.976 0.081 0.000
12.026 0.977 0.071 0.000
12.044 0.978 0.064 0.000
12.061 0.980 0.058 0.000
12.078 0.982 0.054 0.000
12.096 0.983 0.049 0.000
12.113 0.984 0.048 0.000
12.131 0.984 0.048 0.000
12.148 0.986 0.052 0.000
12.166 0.986 0.056 0.000
12.183 0.987 0.058 0.000
12.201 0.987 0.059 0.000
12.218 0.988 0.057 0.000
12.235 0.988 0.055 0.000
12.253 0.987 0.047 0.000
12.270 0.983 0.040 0.000
12.288 0.980 0.042 0.000
12.305 0.971 0.043 0.000
12.323 0.960 0.034 0.000
12.340 0.947 0.025 0.000
12.358 0.936 0.018 0.000
12.375 0.925 0.014 0.000
12.392 0.913 0.010 0.000
12.410 0.901 0.007 0.000
12.427 0.887 0.005 0.000
12.445 0.872 0.004 0.000
12.462 0.856 0.003 0.000
12.480 0.838 0.002 0.000
12.497 0.799 0.001 0.000
12.515 0.781 0.001 0.000
12.532 0.767 0.000 0.000
12.549 0.754 0.000 0.000
12.567 0.742 0.000 0.000
12.584 0.728 0.000 0.000
12.602 0.721 0.000 0.000
12.619 0.715 0.000 0.000
12.637 0.716 0.000 0.000
12.654 0.721 0.000 0.000
12.672 0.734 0.000 0.000
12.689 0.757 0.000 0.000
12.706 0.788 0.000 0.000
12.724 0.829 0.000 0.000
12.741 0.869 0.000 0.000
12.759 0.895 0.000 0.000
12.776 0.920 0.000 0.000
12.794 0.939 0.000 0.000
12.811 0.954 0.000 0.000
12.828 0.964 0.001 0.000
12.846 0.976 0.001 0.000
12.863 0.989 0.000 0.000
12.881 0.993 0.000 0.000
12.898 0.994 0.000 0.000
12.916 0.995 0.000 0.000
12.933 0.996 0.000 0.000
12.951 0.997 0.000 0.000
12.968 0.997 0.000 0.000
12.985 0.997 0.000 0.000
13.003 0.977 0.007 0.000
13.020 0.978 0.009 0.000
13.038 0.979 0.010 0.000
13.055 0.978 0.013 0.000
13.073 0.974 0.015 0.000
13.090 0.965 0.014 0.000
13.108 0.954 0.011 0.000
13.125 0.940 0.009 0.000
13.142 0.922 0.008 0.000
13.160 0.901 0.006 0.000
13.177 0.872 0.005 0.000
13.195 0.832 0.004 0.000
13.212 0.774 0.003 0.000
13.230 0.707 0.003 0.000
13.247 0.635 0.002 0.000
13.265 0.566 0.001 0.000
13.282 0.485 0.001 0.000
13.299 0.412 0.001 0.000
13.317 0.373 0.001 0.000
13.334 0.351 0.001 0.000
13.352 0.351 0.000 0.000
13.369 0.353 0.000 0.000
13.387 0.353 0.001 0.000
13.404 0.345 0.001 0.000
13.422 0.341 0.001 0.000
13.439 0.349 0.001 0.000
13.456 0.369 0.001 0.000
13.474 0.396 0.001 0.000
13.491 0.439 0.001 0.000
13.509 0.545 0.000 0.000
13.526 0.671 0.001 0.000
13.544 0.750 0.001 0.000
13.561 0.830 0.002 0.000
13.578 0.892 0.004 0.000
13.596 0.946 0.004 0.000
13.613 0.979 0.003 0.000
13.631 0.987 0.003 0.000
13.648 0.990 0.003 0.000
13.666 0.992 0.003 0.000
13.683 0.993 0.003 0.000
13.701 0.994 0.003 0.000
13.718 0.995 0.004 0.000
13.735 0.995 0.005 0.000
13.753 0.996 0.006 0.000
13.770 0.996 0.008 0.000
13.788 0.996 0.009 0.000
13.805 0.996 0.010 0.000
13.823 0.996 0.013 0.000
13.840 0.995 0.018 0.000
13.858 0.994 0.025 0.000
13.875 0.991 0.037 0.000
13.892 0.988 0.054 0.000
13.910 0.985 0.073 0.000
13.927 0.982 0.092 0.000
13.945 0.979 0.116 0.000
13.962 0.977 0.153 0.000
13.980 0.977 0.163 0.000
13.997 0.977 0.214 0.000
14.015 0.981 0.181 0.000
14.032 0.984 0.186 0.000
14.049 0.984 0.195 0.000
14.067 0.984 0.205 0.000
14.084 0.984 0.218 0.000
14.102 0.984 0.234 0.000
14.119 0.984 0.256 0.000
14.137 0.983 0.283 0.000
14.154 0.983 0.318 0.000
14.172 0.983 0.359 0.000
14.189 0.980 0.398 0.000
14.206 0.974 0.452 0.000
14.224 0.963 0.504 0.000
14.241 0.933 0.542 0.000
14.259 0.901 0.573 0.000
14.276 0.886 0.597 0.000
14.294 0.883 0.614 0.000
14.311 0.891 0.603 0.000
14.328 0.907 0.577 0.000
14.346 0.920 0.568 0.000
14.363 0.933 0.555 0.000
14.381 0.947 0.525 0.000
14.398 0.961 0.482 0.000
14.416 0.973 0.407 0.000
14.433 0.981 0.310 0.000
14.451 0.986 0.202 0.000
14.468 0.989 0.128 0.000
14.485 0.990 0.080 0.000
14.503 0.997 0.059 0.000
14.520 0.997 0.049 0.000
14.538 0.997 0.042 0.000
14.555 0.997 0.033 0.000
14.573 0.997 0.026 0.000
14.590 0.994 0.018 0.000
14.608 0.988 0.016 0.000
14.625 0.981 0.016 0.000
14.642 0.970 0.020 0.000
14.660 0.949 0.019 0.000
14.677 0.919 0.014 0.000
14.695 0.889 0.010 0.000
14.712 0.856 0.007 0.000
14.730 0.821 0.005 0.000
14.747 0.788 0.004 0.000
14.765 0.744 0.003 0.000
14.782 0.685 0.002 0.000
14.799 0.616 0.001 0.000
14.817 0.592 0.001 0.000
14.834 0.571 0.001 0.000
14.852 0.539 0.001 0.000
14.869 0.509 0.000 0.000
14.887 0.442 0.000 0.000
14.904 0.379 0.000 0.000
14.922 0.332 0.000 0.000
14.939 0.288 0.000 0.000
14.956 0.260 0.000 0.000
14.974 0.245 0.000 0.000
14.991 0.230 0.000 0.000
15.009 0.213 0.002 0.000
15.026 0.205 0.001 0.000
15.044 0.203 0.001 0.000
15.061 0.203 0.001 0.000
15.078 0.205 0.001 0.000
15.096 0.212 0.001 0.000
15.113 0.219 0.001 0.000
15.131 0.220 0.001 0.000
15.148 0.222 0.001 0.000
15.166 0.222 0.001 0.000
15.183 0.220 0.001 0.000
15.201 0.212 0.001 0.000
15.218 0.206 0.001 0.000
15.235 0.199 0.002 0.000
15.253 0.185 0.002 0.000
15.270 0.168 0.001 0.001
15.288 0.157 0.002 0.001
15.305 0.143 0.002 0.001
15.323 0.132 0.002 0.001
15.340 0.121 0.002 0.001
15.358 0.110 0.002 0.000
15.375 0.098 0.002 0.000
15.392 0.089 0.001 0.000
15.410 0.082 0.001 0.000
15.427 0.076 0.001 0.000
15.445 0.073 0.001 0.000
15.462 0.068 0.002 0.000
15.480 0.062 0.002 0.000
15.497 0.018 0.001 0.000
15.515 0.015 0.001 0.000
15.532 0.013 0.001 0.000
15.549 0.011 0.001 0.000
15.567 0.010 0.001 0.000
15.584 0.009 0.001 0.000
15.602 0.008 0.001 0.000
15.619 0.007 0.001 0.000
15.637 0.006 0.001 0.000
15.654 0.006 0.001 0.000
15.672 0.005 0.001 0.000
15.689 0.005 0.001 0.000
15.706 0.005 0.001 0.000
15.724 0.004 0.001 0.000
15.741 0.004 0.001 0.000
15.759 0.003 0.001 0.000
15.776 0.003 0.001 0.000
15.794 0.003 0.001 0.000
15.811 0.003 0.001 0.000
15.828 0.003 0.001 0.000
15.846 0.003 0.001 0.000
15.863 0.003 0.001 0.000
15.881 0.003 0.001 0.000
15.898 0.003 0.001 0.000
15.916 0.003 0.001 0.000
15.933 0.003 0.001 0.000
15.951 0.002 0.001 0.000
15.968 0.002 0.001 0.000
15.985 0.002 0.001 0.000
16.003 0.075 0.017 0.005
16.020 0.081 0.013 0.012
16.038 0.091 0.012 0.013
16.055 0.103 0.012 0.012
16.073 0.118 0.014 0.012
16.090 0.136 0.015 0.012
16.108 0.158 0.016 0.013
16.125 0.184 0.016 0.014
16.142 0.213 0.017 0.016
16.160 0.245 0.016 0.017
16.177 0.280 0.016 0.019
16.195 0.318 0.016 0.022
16.212 0.357 0.015 0.025
16.230 0.398 0.013 0.030
16.247 0.437 0.012 0.035
16.265 0.475 0.011 0.040
16.282 0.512 0.010 0.045
16.299 0.547 0.009 0.048
16.317 0.577 0.008 0.044
16.334 0.603 0.007 0.035
16.352 0.620 0.006 0.022
16.369 0.631 0.005 0.014
16.387 0.647 0.005 0.011
16.404 0.666 0.005 0.010
16.422 0.703 0.005 0.009
16.439 0.742 0.006 0.008
16.456 0.778 0.009 0.006
16.474 0.801 0.013 0.005
16.491 0.820 0.020 0.007
16.509 0.907 0.051 0.016
16.526 0.897 0.180 0.015
16.544 0.863 0.349 0.013
16.561 0.935 0.399 0.113
16.578 0.971 0.768 0.022
16.596 0.955 0.939 0.002
16.613 0.956 0.988 0.000
16.631 0.973 0.996 0.000
16.648 0.978 0.998 0.000
16.666 0.982 0.999 0.000
16.683 0.984 1.000 0.000
16.701 0.983 1.000 0.000
16.718 0.982 1.000 0.000
16.735 0.978 1.000 0.000
16.753 0.977 1.000 0.000
16.770 0.972 1.000 0.000
16.788 0.966 1.000 0.000
16.805 0.960 1.000 0.000
16.823 0.950 1.000 0.000
16.840 0.944 1.000 0.000
16.858 0.934 1.000 0.000
16.875 0.922 1.000 0.000
16.892 0.904 1.000 0.000
16.910 0.894 1.000 0.000
16.927 0.883 1.000 0.000
16.945 0.861 1.000 0.000
16.962 0.847 1.000 0.000
16.980 0.845 1.000 0.000
16.997 0.754 0.999 0.000
17.015 0.739 0.999 0.000
17.032 0.717 0.999 0.000
17.049 0.690 0.999 0.000
17.067 0.660 0.999 0.000
17.084 0.617 0.998 0.000
17.102 0.585 0.997 0.000
17.119 0.535 0.995 0.000
17.137 0.581 0.987 0.000
17.154 0.542 0.977 0.000
17.172 0.482 0.973 0.000
17.189 0.445 0.958 0.000
17.206 0.386 0.933 0.000
17.224 0.314 0.886 0.000
17.241 0.208 0.798 0.000
17.259 0.179 0.759 0.000
17.276 0.156 0.655 0.000
17.294 0.130 0.594 0.001
17.311 0.112 0.551 0.002
17.328 0.095 0.514 0.003
17.346 0.072 0.447 0.003
17.363 0.046 0.349 0.004
17.381 0.031 0.253 0.004
17.398 0.024 0.182 0.003
17.416 0.020 0.134 0.003
17.433 0.020 0.080 0.002
17.451 0.020 0.054 0.002
17.468 0.022 0.033 0.002
17.485 0.028 0.019 0.002
17.503 0.003 0.008 0.000
17.520 0.002 0.005 0.000
17.538 0.002 0.003 0.000
17.555 0.002 0.002 0.000
17.573 0.002 0.002 0.000
17.590 0.001 0.001 0.000
17.608 0.001 0.001 0.000
17.625 0.001 0.001 0.000
17.642 0.001 0.001 0.000
17.660 0.001 0.001 0.000
17.677 0.001 0.001 0.000
17.695 0.001 0.001 0.000
17.712 0.001 0.001 0.000
17.730 0.001 0.001 0.000
17.747 0.001 0.000 0.000
17.765 0.001 0.000 0.000
17.782 0.001 0.000 0.000
17.799 0.001 0.000 0.000
17.817 0.001 0.000 0.000
17.834 0.001 0.000 0.000
17.852 0.001 0.000 0.000
17.869 0.001 0.000 0.000
17.887 0.001 0.000 0.000
17.904 0.001 0.000 0.000
17.922 0.001 0.000 0.000
17.939 0.001 0.001 0.001
17.956 0.001 0.001 0.001
17.974 0.001 0.001 0.001
17.991 0.001 0.001 0.001
18.009 0.002 0.007 0.001
18.026 0.002 0.007 0.001
18.044 0.002 0.008 0.001
18.061 0.002 0.007 0.002
18.078 0.002 0.007 0.002
18.096 0.002 0.007 0.002
18.113 0.002 0.007 0.002
18.131 0.002 0.008 0.002
18.148 0.002 0.008 0.001
18.166 0.003 0.010 0.001
18.183 0.003 0.011 0.001
18.201 0.003 0.012 0.001
18.218 0.003 0.012 0.001
18.235 0.003 0.013 0.001
18.253 0.003 0.013 0.000
18.270 0.003 0.012 0.000
18.288 0.003 0.012 0.000
18.305 0.003 0.012 0.000
18.323 0.003 0.011 0.000
18.340 0.003 0.011 0.000
18.358 0.003 0.011 0.000
18.375 0.003 0.011 0.000
18.392 0.004 0.011 0.000
18.410 0.004 0.011 0.000
18.427 0.004 0.010 0.000
18.445 0.004 0.009 0.000
18.462 0.004 0.009 0.000
18.480 0.005 0.008 0.000
18.497 0.000 0.003 0.000
18.515 0.000 0.002 0.000
18.532 0.000 0.002 0.000
18.549 0.000 0.002 0.000
18.567 0.000 0.001 0.000
18.584 0.000 0.001 0.000
18.602 0.000 0.001 0.000
18.619 0.000 0.001 0.000
18.637 0.000 0.001 0.000
18.654 0.000 0.001 0.000
18.672 0.000 0.001 0.000
18.689 0.000 0.001 0.000
18.706 0.000 0.001 0.000
18.724 0.000 0.001 0.000
18.741 0.000 0.001 0.000
18.759 0.000 0.000 0.000
18.776 0.000 0.000 0.000
18.794 0.000 0.000 0.000
18.811 0.000 0.000 0.000
18.828 0.000 0.000 0.000
18.846 0.000 0.000 0.000
18.863 0.000 0.000 0.000
18.881 0.000 0.000 0.000
18.898 0.000 0.000 0.000
18.916 0.000 0.000 0.000
18.933 0.000 0.001 0.000
18.951 0.000 0.001 0.000
18.968 0.000 0.001 0.000
18.985 0.000 0.001 0.000
19.003 0.002 0.008 0.000
19.020 0.001 0.007 0.000
19.038 0.001 0.007 0.000
19.055 0.001 0.008 0.000
19.073 0.001 0.009 0.000
19.090 0.001 0.009 0.000
19.108 0.001 0.010 0.000
19.125 0.001 0.010 0.000
19.142 0.001 0.011 0.000
19.160 0.001 0.011 0.000
19.177 0.001 0.012 0.000
19.195 0.001 0.014 0.000
19.212 0.001 0.015 0.000
19.230 0.001 0.015 0.000
19.247 0.001 0.015 0.000
19.265 0.001 0.015 0.000
19.282 0.001 0.014 0.000
19.299 0.001 0.014 0.000
19.317 0.001 0.013 0.000
19.334 0.000 0.012 0.000
19.352 0.000 0.012 0.000
19.369 0.000 0.010 0.000
19.387 0.000 0.009 0.000
19.404 0.000 0.007 0.000
19.422 0.000 0.007 0.000
19.439 0.000 0.007 0.000
19.456 0.001 0.007 0.000
19.474 0.001 0.007 0.000
19.491 0.001 0.006 0.000
19.509 0.000 0.003 0.000
19.526 0.000 0.003 0.000
19.544 0.000 0.002 0.000
19.561 0.000 0.002 0.000
19.578 0.000 0.002 0.000
19.596 0.000 0.002 0.000
19.613 0.000 0.002 0.000
19.631 0.000 0.001 0.000
19.648 0.000 0.001 0.000
19.666 0.000 0.001 0.000
19.683 0.000 0.002 0.000
19.701 0.000 0.002 0.000
19.718 0.000 0.002 0.000
19.735 0.000 0.002 0.000
19.753 0.000 0.002 0.000
19.770 0.000 0.002 0.000
19.788 0.000 0.002 0.000
19.805 0.000 0.003 0.000
19.823 0.000 0.003 0.000
19.840 0.000 0.003 0.000
19.858 0.000 0.004 0.000
19.875 0.000 0.004 0.000
19.892 0.000 0.004 0.001
19.910 0.000 0.005 0.001
19.927 0.000 0.006 0.001
19.945 0.000 0.006 0.001
19.962 0.000 0.006 0.001
19.980 0.000 0.007 0.001
19.997 0.006 0.010 0.003
20.015 0.004 0.009 0.003
20.032 0.004 0.010 0.003
20.049 0.003 0.011 0.003
20.067 0.003 0.011 0.003
20.084 0.002 0.012 0.003
20.102 0.002 0.013 0.003
20.119 0.003 0.013 0.004
20.137 0.003 0.013 0.004
20.154 0.003 0.014 0.005
20.172 0.003 0.015 0.006
20.189 0.003 0.016 0.007
20.206 0.003 0.017 0.008
20.224 0.003 0.017 0.010
20.241 0.003 0.018 0.011
20.259 0.003 0.018 0.013
20.276 0.003 0.017 0.013
20.294 0.003 0.017 0.014
20.311 0.003 0.017 0.014
20.328 0.003 0.018 0.014
20.346 0.003 0.019 0.014
20.363 0.003 0.019 0.013
20.381 0.002 0.020 0.013
20.398 0.002 0.020 0.012
20.416 0.002 0.019 0.011
20.433 0.002 0.018 0.010
20.451 0.003 0.017 0.009
20.468 0.003 0.017 0.008
20.485 0.004 0.015 0.008
20.503 0.003 0.002 0.008
20.520 0.004 0.015 0.006
20.538 0.004 0.055 0.004
20.555 0.003 0.109 0.002
20.573 0.001 0.257 0.001
20.590 0.001 0.380 0.001
20.608 0.001 0.577 0.001
20.625 0.001 0.689 0.001
20.642 0.001 0.787 0.001
20.660 0.001 0.910 0.001
20.677 0.000 0.965 0.000
20.695 0.000 0.988 0.000
20.712 0.000 0.994 0.000
20.730 0.000 0.996 0.000
20.747 0.000 0.997 0.000
20.765 0.000 0.998 0.000
20.782 0.000 0.998 0.000
20.799 0.000 0.998 0.000
20.817 0.000 0.998 0.000
20.834 0.000 0.997 0.000
20.852 0.000 0.997 0.000
20.869 0.000 0.996 0.000
20.887 0.000 0.995 0.000
20.904 0.000 0.993 0.000
20.922 0.000 0.990 0.000
20.939 0.000 0.988 0.000
20.956 0.000 0.985 0.000
20.974 0.000 0.980 0.000
20.991 0.000 0.975 0.000
21.009 0.078 0.875 0.000
21.026 0.082 0.856 0.000
21.044 0.091 0.827 0.000
21.061 0.104 0.789 0.000
21.078 0.120 0.753 0.000
21.096 0.140 0.701 0.000
21.113 0.165 0.640 0.000
21.131 0.193 0.580 0.000
21.148 0.225 0.503 0.000
21.166 0.261 0.427 0.000
21.183 0.300 0.346 0.000
21.201 0.342 0.242 0.000
21.218 0.388 0.157 0.000
21.235 0.437 0.104 0.001
21.253 0.485 0.067 0.001
21.270 0.531 0.039 0.001
21.288 0.575 0.024 0.002
21.305 0.618 0.016 0.002
21.323 0.658 0.012 0.003
21.340 0.695 0.010 0.004
21.358 0.727 0.010 0.004
21.375 0.754 0.010 0.004
21.392 0.777 0.010 0.003
21.410 0.797 0.011 0.003
21.427 0.815 0.012 0.002
21.445 0.828 0.013 0.002
21.462 0.838 0.011 0.002
21.480 0.842 0.015 0.002
21.497 0.929 0.001 0.000
21.515 0.930 0.001 0.000
21.532 0.928 0.001 0.000
21.549 0.922 0.001 0.000
21.567 0.923 0.002 0.000
21.584 0.927 0.002 0.000
21.602 0.930 0.003 0.000
21.619 0.943 0.005 0.000
21.637 0.949 0.006 0.000
21.654 0.958 0.007 0.000
21.672 0.962 0.007 0.000
21.689 0.967 0.007 0.000
21.706 0.965 0.006 0.000
21.724 0.968 0.006 0.000
21.741 0.967 0.005 0.000
21.759 0.970 0.005 0.000
21.776 0.970 0.005 0.000
21.794 0.972 0.005 0.000
21.811 0.974 0.005 0.000
21.828 0.974 0.005 0.000
21.846 0.978 0.005 0.000
21.863 0.981 0.005 0.000
21.881 0.988 0.005 0.000
21.898 0.991 0.005 0.000
21.916 0.993 0.005 0.000
21.933 0.995 0.004 0.000
21.951 0.996 0.003 0.000
21.968 0.996 0.003 0.000
21.985 0.997 0.003 0.000
22.003 0.944 0.005 0.000
22.020 0.931 0.004 0.000
22.038 0.921 0.004 0.000
22.055 0.907 0.003 0.000
22.073 0.888 0.003 0.000
22.090 0.865 0.002 0.000
22.108 0.838 0.002 0.000
22.125 0.805 0.003 0.000
22.142 0.769 0.002 0.000
22.160 0.730 0.002 0.000
22.177 0.688 0.002 0.000
22.195 0.640 0.002 0.000
22.212 0.589 0.002 0.001
22.230 0.537 0.002 0.001
22.247 0.481 0.002 0.001
22.265 0.420 0.002 0.001
22.282 0.363 0.002 0.002
22.299 0.312 0.002 0.002
22.317 0.266 0.002 0.002
22.334 0.224 0.004 0.002
22.352 0.187 0.014 0.002
22.369 0.160 0.053 0.001
22.387 0.143 0.106 0.001
22.404 0.138 0.157 0.001
22.422 0.113 0.218 0.001
22.439 0.090 0.301 0.000
22.456 0.077 0.543 0.001
22.474 0.064 0.684 0.000
22.491 0.054 0.798 0.000
22.509 0.001 0.967 0.000
22.526 0.001 0.994 0.000
22.544 0.000 0.996 0.000
22.561 0.000 0.997 0.000
22.578 0.000 0.998 0.000
22.596 0.000 0.998 0.000
22.613 0.000 0.998 0.000
22.631 0.000 0.998 0.000
22.648 0.000 0.998 0.000
22.666 0.000 0.998 0.000
22.683 0.000 0.999 0.000
22.701 0.000 0.999 0.000
22.718 0.000 0.999 0.000
22.735 0.000 0.999 0.000
22.753 0.000 0.998 0.000
22.770 0.000 0.998 0.000
22.788 0.001 0.998 0.000
22.805 0.001 0.997 0.000
22.823 0.001 0.997 0.000
22.840 0.001 0.996 0.000
22.858 0.001 0.995 0.000
22.875 0.001 0.995 0.000
22.892 0.001 0.995 0.000
22.910 0.001 0.994 0.000
22.927 0.001 0.987 0.000
22.945 0.001 0.977 0.000
22.962 0.001 0.969 0.000
22.980 0.002 0.955 0.000
22.997 0.069 0.849 0.000
23.015 0.075 0.813 0.000
23.032 0.082 0.778 0.000
23.049 0.091 0.727 0.000
23.067 0.103 0.659 0.000
23.084 0.117 0.573 0.000
23.102 0.133 0.462 0.000
23.119 0.171 0.240 0.000
23.137 0.233 0.170 0.000
23.154 0.262 0.125 0.001
23.172 0.288 0.086 0.001
23.189 0.319 0.063 0.001
23.206 0.355 0.043 0.001
23.224 0.393 0.027 0.001
23.241 0.438 0.018 0.001
23.259 0.479 0.013 0.002
23.276 0.501 0.010 0.002
23.294 0.524 0.008 0.001
23.311 0.539 0.007 0.001
23.328 0.548 0.005 0.001
23.346 0.555 0.005 0.001
23.363 0.573 0.005 0.001
23.381 0.567 0.005 0.001
23.398 0.542 0.004 0.001
23.416 0.506 0.003 0.001
23.433 0.482 0.003 0.001
23.451 0.442 0.004 0.001
23.468 0.413 0.004 0.001
23.485 0.387 0.002 0.001
23.503 0.320 0.001 0.000
23.520 0.295 0.001 0.000
23.538 0.275 0.001 0.000
23.555 0.243 0.001 0.000
23.573 0.224 0.001 0.000
23.590 0.201 0.001 0.000
23.608 0.186 0.000 0.000
23.625 0.164 0.000 0.000
23.642 0.145 0.000 0.000
23.660 0.138 0.000 0.000
23.677 0.127 0.000 0.000
23.695 0.121 0.000 0.000
23.712 0.113 0.000 0.000
23.730 0.111 0.000 0.000
23.747 0.109 0.000 0.000
23.765 0.109 0.000 0.000
23.782 0.105 0.000 0.000
23.799 0.105 0.000 0.000
23.817 0.108 0.000 0.000
23.834 0.108 0.000 0.000
23.852 0.110 0.000 0.000
23.869 0.116 0.000 0.000
23.887 0.120 0.000 0.000
23.904 0.122 0.000 0.000
23.922 0.128 0.001 0.001
23.939 0.137 0.001 0.001
23.956 0.152 0.001 0.001
23.974 0.185 0.001 0.001
23.991 0.221 0.002 0.002
24.009 0.313 0.008 0.003
24.026 0.386 0.010 0.005
24.044 0.471 0.013 0.008
24.061 0.537 0.015 0.011
24.078 0.576 0.018 0.013
24.096 0.624 0.021 0.014
24.113 0.686 0.027 0.013
24.131 0.747 0.037 0.010
24.148 0.791 0.049 0.009
24.166 0.827 0.063 0.009
24.183 0.852 0.079 0.008
24.201 0.870 0.096 0.006
24.218 0.883 0.115 0.005
24.235 0.891 0.133 0.004
24.253 0.899 0.145 0.003
24.270 0.907 0.150 0.002
24.288 0.917 0.147 0.001
24.305 0.928 0.142 0.001
24.323 0.938 0.136 0.001
24.340 0.947 0.133 0.001
24.358 0.954 0.132 0.001
24.375 0.959 0.129 0.001
24.392 0.966 0.130 0.001
24.410 0.972 0.128 0.000
24.427 0.974 0.126 0.000
24.445 0.976 0.117 0.001
24.462 0.976 0.105 0.001
24.480 0.974 0.096 0.001
24.497 0.986 0.074 0.000
24.515 0.986 0.066 0.000
24.532 0.985 0.064 0.000
24.549 0.984 0.065 0.000
24.567 0.984 0.069 0.000
24.584 0.984 0.071 0.000
24.602 0.985 0.070 0.000
24.619 0.985 0.074 0.000
24.637 0.986 0.086 0.000
24.654 0.987 0.090 0.000
24.672 0.987 0.078 0.000
24.689 0.987 0.064 0.000
24.706 0.986 0.054 0.000
24.724 0.985 0.047 0.000
24.741 0.981 0.053 0.000
24.759 0.978 0.053 0.000
24.776 0.972 0.044 0.000
24.794 0.966 0.034 0.000
24.811 0.960 0.025 0.000
24.828 0.956 0.018 0.000
24.846 0.951 0.013 0.000
24.863 0.948 0.009 0.000
24.881 0.946 0.007 0.000
24.898 0.945 0.005 0.000
24.916 0.945 0.004 0.000
24.933 0.946 0.003 0.000
24.951 0.947 0.003 0.000
24.968 0.950 0.002 0.000
24.985 0.953 0.002 0.000
25.003 0.933 0.004 0.000
25.020 0.937 0.004 0.000
25.038 0.939 0.003 0.000
25.055 0.941 0.003 0.000
25.073 0.943 0.002 0.000
25.090 0.946 0.002 0.000
25.108 0.946 0.002 0.000
25.125 0.945 0.001 0.000
25.142 0.947 0.001 0.000
25.160 0.958 0.001 0.000
25.177 0.970 0.001 0.000
25.195 0.982 0.001 0.000
25.212 0.986 0.001 0.000
25.230 0.988 0.001 0.000
25.247 0.988 0.001 0.000
25.265 0.988 0.001 0.000
25.282 0.987 0.001 0.000
25.299 0.986 0.001 0.000
25.317 0.986 0.001 0.000
25.334 0.986 0.001 0.000
25.352 0.985 0.001 0.000
25.369 0.983 0.001 0.000
25.387 0.980 0.001 0.000
25.404 0.976 0.001 0.000
25.422 0.971 0.001 0.000
25.439 0.965 0.001 0.000
25.456 0.961 0.001 0.000
25.474 0.957 0.002 0.000
25.491 0.953 0.002 0.000
25.509 0.986 0.001 0.000
25.526 0.986 0.001 0.000
25.544 0.985 0.002 0.000
25.561 0.983 0.003 0.000
25.578 0.981 0.007 0.000
25.596 0.980 0.017 0.000
25.613 0.966 0.100 0.000
25.631 0.955 0.296 0.000
25.648 0.951 0.448 0.000
25.666 0.965 0.797 0.000
25.683 0.968 0.970 0.000
25.701 0.978 0.996 0.000
25.718 0.988 0.999 0.000
25.735 0.993 1.000 0.000
25.753 0.994 1.000 0.000
25.770 0.995 1.000 0.000
25.788 0.996 1.000 0.000
25.805 0.996 1.000 0.000
25.823 0.997 1.000 0.000
25.840 0.997 1.000 0.000
25.858 0.998 1.000 0.000
25.875 0.997 1.000 0.000
25.892 0.997 1.000 0.000
25.910 0.996 1.000 0.000
25.927 0.995 1.000 0.000
25.945 0.994 1.000 0.000
25.962 0.994 1.000 0.000
25.980 0.994 1.000 0.000
25.997 0.927 0.999 0.000
26.015 0.922 0.999 0.000
26.032 0.920 0.999 0.000
26.049 0.913 1.000 0.000
26.067 0.904 1.000 0.000
26.084 0.892 1.000 0.000
26.102 0.880 0.999 0.000
26.119 0.860 0.999 0.000
26.137 0.842 0.999 0.000
26.154 0.815 0.999 0.000
26.172 0.791 0.999 0.000
26.189 0.767 0.999 0.000
26.206 0.733 0.999 0.000
26.224 0.694 0.998 0.000
26.241 0.669 0.997 0.000
26.259 0.648 0.995 0.000
26.276 0.766 0.988 0.000
26.294 0.712 0.984 0.000
26.311 0.664 0.978 0.000
26.328 0.637 0.967 0.000
26.346 0.637 0.951 0.000
26.363 0.624 0.930 0.000
26.381 0.598 0.900 0.000
26.398 0.567 0.846 0.000
26.416 0.552 0.784 0.000
26.433 0.545 0.663 0.001
26.451 0.562 0.474 0.001
26.468 0.579 0.373 0.001
26.485 0.619 0.280 0.001
26.503 0.689 0.199 0.000
26.520 0.751 0.127 0.000
26.538 0.807 0.066 0.000
26.555 0.856 0.032 0.000
26.573 0.925 0.013 0.000
26.590 0.969 0.003 0.000
26.608 0.988 0.001 0.000
26.625 0.995 0.000 0.000
26.642 0.998 0.000 0.000
26.660 0.999 0.000 0.000
26.677 0.999 0.000 0.000
26.695 0.999 0.000 0.000
26.712 0.999 0.000 0.000
26.730 0.999 0.000 0.000
26.747 0.999 0.000 0.000
26.765 0.999 0.000 0.000
26.782 0.999 0.000 0.000
26.799 0.999 0.000 0.000
26.817 0.999 0.000 0.000
26.834 1.000 0.000 0.000
26.852 0.999 0.000 0.000
26.869 0.999 0.000 0.000
26.887 0.999 0.000 0.000
26.904 0.999 0.000 0.000
26.922 0.999 0.000 0.000
26.939 0.999 0.000 0.000
26.956 0.998 0.000 0.000
26.974 0.998 0.000 0.000
26.991 0.997 0.001 0.000
27.009 0.939 0.004 0.000
27.026 0.933 0.004 0.000
27.044 0.923 0.004 0.000
27.061 0.908 0.003 0.000
27.078 0.886 0.003 0.000
27.096 0.851 0.002 0.000
27.113 0.811 0.002 0.000
27.131 0.769 0.002 0.000
27.148 0.720 0.002 0.000
27.166 0.651 0.002 0.000
27.183 0.582 0.002 0.000
27.201 0.528 0.002 0.000
27.218 0.479 0.002 0.000
27.235 0.433 0.002 0.000
27.253 0.392 0.002 0.000
27.270 0.358 0.001 0.000
27.288 0.332 0.001 0.000
27.305 0.319 0.001 0.000
27.323 0.322 0.001 0.000
27.340 0.350 0.001 0.000
27.358 0.420 0.001 0.000
27.375 0.579 0.002 0.000
27.392 0.702 0.002 0.000
27.410 0.789 0.003 0.000
27.427 0.925 0.003 0.000
27.445 0.952 0.004 0.000
27.462 0.965 0.004 0.000
27.480 0.967 0.002 0.000
27.497 0.993 0.001 0.000
27.515 0.994 0.001 0.000
27.532 0.995 0.001 0.000
27.549 0.995 0.001 0.000
27.567 0.995 0.001 0.000
27.584 0.995 0.001 0.000
27.602 0.996 0.001 0.000
27.619 0.996 0.001 0.000
27.637 0.996 0.001 0.000
27.654 0.996 0.001 0.000
27.672 0.995 0.001 0.000
27.689 0.995 0.001 0.000
27.706 0.994 0.001 0.000
27.724 0.993 0.001 0.000
27.741 0.992 0.002 0.000
27.759 0.991 0.002 0.000
27.776 0.990 0.003 0.000
27.794 0.988 0.004 0.000
27.811 0.986 0.005 0.000
27.828 0.984 0.008 0.000
27.846 0.984 0.011 0.000
27.863 0.982 0.017 0.000
27.881 0.980 0.027 0.000
27.898 0.977 0.044 0.000
27.916 0.969 0.067 0.000
27.933 0.964 0.080 0.000
27.951 0.969 0.153 0.000
27.968 0.957 0.480 0.000
27.985 0.944 0.592 0.000
28.003 0.917 0.776 0.000
28.020 0.927 0.888 0.000
28.038 0.935 0.958 0.000
28.055 0.932 0.986 0.000
28.073 0.933 0.996 0.000
28.090 0.949 0.998 0.000
28.108 0.957 0.999 0.000
28.125 0.962 1.000 0.000
28.142 0.963 1.000 0.000
28.160 0.963 1.000 0.000
28.177 0.959 1.000 0.000
28.195 0.951 1.000 0.000
28.212 0.945 1.000 0.000
28.230 0.939 1.000 0.000
28.247 0.932 1.000 0.000
28.265 0.924 1.000 0.000
28.282 0.921 1.000 0.000
28.299 0.921 1.000 0.000
28.317 0.933 1.000 0.000
28.334 0.937 1.000 0.000
28.352 0.939 1.000 0.000
28.369 0.935 1.000 0.000
28.387 0.965 0.999 0.000
28.404 0.955 0.999 0.000
28.422 0.949 0.999 0.000
28.439 0.946 0.999 0.000
28.456 0.941 0.999 0.000
28.474 0.940 0.998 0.000
28.491 0.936 0.998 0.000
28.509 0.924 0.998 0.000
28.526 0.915 0.998 0.000
28.544 0.901 0.998 0.000
28.561 0.879 0.997 0.000
28.578 0.843 0.996 0.000
28.596 0.803 0.994 0.000
28.613 0.765 0.990 0.000
28.631 0.741 0.978 0.000
28.648 0.715 0.950 0.000
28.666 0.660 0.876 0.000
28.683 0.613 0.653 0.000
28.701 0.598 0.374 0.000
28.718 0.635 0.190 0.000
28.735 0.707 0.097 0.000
28.753 0.786 0.038 0.000
28.770 0.844 0.017 0.000
28.788 0.887 0.010 0.000
28.805 0.918 0.006 0.000
28.823 0.940 0.004 0.000
28.840 0.959 0.002 0.000
28.858 0.976 0.002 0.000
28.875 0.988 0.001 0.000
28.892 0.993 0.001 0.000
28.910 0.995 0.001 0.000
28.927 0.997 0.000 0.000
28.945 0.997 0.000 0.000
28.962 0.997 0.000 0.000
28.980 0.997 0.000 0.000
28.997 0.989 0.001 0.000
29.015 0.993 0.001 0.000
29.032 0.996 0.000 0.000
29.049 0.997 0.000 0.000
29.067 0.998 0.000 0.000
29.084 0.998 0.000 0.000
29.102 0.998 0.000 0.000
29.119 0.998 0.000 0.000
29.137 0.998 0.000 0.000
29.154 0.998 0.000 0.000
29.172 0.997 0.000 0.000
29.189 0.996 0.000 0.000
29.206 0.994 0.001 0.000
29.224 0.991 0.001 0.000
29.241 0.987 0.001 0.000
29.259 0.984 0.001 0.000
29.276 0.981 0.001 0.000
29.294 0.977 0.001 0.000
29.311 0.974 0.002 0.000
29.328 0.972 0.002 0.000
29.346 0.970 0.002 0.000
29.363 0.967 0.003 0.000
29.381 0.963 0.003 0.000
29.398 0.961 0.003 0.000
29.416 0.959 0.003 0.000
29.433 0.959 0.003 0.000
29.451 0.959 0.003 0.000
29.468 0.958 0.003 0.000
29.485 0.958 0.002 0.000
29.503 0.983 0.001 0.000
29.520 0.987 0.001 0.000
29.538 0.991 0.000 0.000
29.555 0.994 0.000 0.000
29.573 0.996 0.000 0.000
29.590 0.997 0.000 0.000
29.608 0.997 0.000 0.000
29.625 0.997 0.000 0.000
29.642 0.998 0.000 0.000
29.660 0.998 0.000 0.000
29.677 0.998 0.000 0.000
29.695 0.998 0.000 0.000
29.712 0.998 0.000 0.000
29.730 0.998 0.000 0.000
29.747 0.998 0.000 0.000
29.765 0.999 0.000 0.000
29.782 0.998 0.000 0.000
29.799 0.998 0.000 0.000
29.817 0.998 0.000 0.000
29.834 0.998 0.000 0.000
29.852 0.999 0.000 0.000
29.869 0.999 0.000 0.000
29.887 0.998 0.000 0.000
29.904 0.998 0.000 0.000
29.922 0.997 0.000 0.000
29.939 0.994 0.000 0.000
29.956 0.990 0.001 0.000
29.974 0.985 0.001 0.000
29.991 0.973 0.002 0.000
30.009 0.857 0.005 0.000
30.026 0.828 0.004 0.000
30.044 0.785 0.004 0.000
30.061 0.722 0.003 0.000
30.078 0.653 0.003 0.000
30.096 0.592 0.004 0.000
30.113 0.511 0.006 0.000
30.131 0.458 0.009 0.000
30.148 0.381 0.017 0.000
30.166 0.300 0.029 0.000
30.183 0.227 0.049 0.000
30.201 0.157 0.076 0.000
30.218 0.117 0.124 0.000
30.235 0.105 0.212 0.000
30.253 0.105 0.317 0.000
30.270 0.114 0.422 0.000
30.288 0.100 0.523 0.000
30.305 0.029 0.783 0.000
30.323 0.025 0.933 0.000
30.340 0.040 0.980 0.000
30.358 0.057 0.992 0.000
30.375 0.049 0.996 0.000
30.392 0.034 0.998 0.000
30.410 0.019 0.998 0.000
30.427 0.015 0.999 0.000
30.445 0.016 0.999 0.000
30.462 0.020 0.999 0.000
30.480 0.013 0.999 0.000
30.497 0.000 0.999 0.000
30.515 0.000 0.999 0.000
30.532 0.000 0.999 0.000
30.549 0.000 0.999 0.000
30.567 0.000 0.999 0.000
30.584 0.000 0.999 0.000
30.602 0.000 0.999 0.000
30.619 0.000 0.999 0.000
30.637 0.000 0.999 0.000
30.654 0.000 0.999 0.000
30.672 0.000 0.999 0.000
30.689 0.000 0.999 0.000
30.706 0.000 0.999 0.000
30.724 0.000 0.999 0.000
30.741 0.000 0.999 0.000
30.759 0.000 0.999 0.000
30.776 0.000 0.998 0.000
30.794 0.000 0.998 0.000
30.811 0.000 0.996 0.000
30.828 0.000 0.991 0.000
30.846 0.000 0.984 0.000
30.863 0.000 0.973 0.000
30.881 0.000 0.936 0.000
30.898 0.000 0.799 0.000
30.916 0.000 0.666 0.000
30.933 0.000 0.544 0.000
30.951 0.000 0.398 0.000
30.968 0.000 0.237 0.000
30.985 0.000 0.144 0.000
31.003 0.005 0.087 0.008
31.020 0.004 0.056 0.007
31.038 0.003 0.039 0.005
31.055 0.003 0.026 0.005
31.073 0.003 0.016 0.005
31.090 0.002 0.011 0.005
31.108 0.002 0.009 0.006
31.125 0.002 0.007 0.007
31.142 0.002 0.006 0.007
31.160 0.002 0.005 0.008
31.177 0.002 0.005 0.009
31.195 0.002 0.004 0.010
31.212 0.002 0.003 0.011
31.230 0.002 0.003 0.013
31.247 0.002 0.003 0.014
31.265 0.002 0.003 0.015
31.282 0.002 0.003 0.015
31.299 0.002 0.003 0.017
31.317 0.002 0.003 0.017
31.334 0.002 0.003 0.016
31.352 0.002 0.003 0.015
31.369 0.002 0.003 0.014
31.387 0.002 0.004 0.013
31.404 0.002 0.004 0.011
31.422 0.002 0.004 0.008
31.439 0.002 0.005 0.007
31.456 0.002 0.006 0.006
31.474 0.003 0.006 0.005
31.491 0.004 0.006 0.005
31.509 0.001 0.000 0.005
31.526 0.001 0.000 0.004
31.544 0.001 0.000 0.004
31.561 0.001 0.000 0.003
31.578 0.000 0.000 0.003
31.596 0.000 0.000 0.002
31.613 0.000 0.000 0.002
31.631 0.000 0.000 0.002
31.648 0.000 0.000 0.002
31.666 0.000 0.000 0.001
31.683 0.000 0.000 0.001
31.701 0.000 0.000 0.001
31.718 0.000 0.000 0.001
31.735 0.001 0.001 0.001
31.753 0.001 0.010 0.002
31.770 0.001 0.030 0.001
31.788 0.000 0.065 0.001
31.805 0.000 0.126 0.001
31.823 0.000 0.243 0.001
31.840 0.000 0.428 0.001
31.858 0.000 0.576 0.001
31.875 0.000 0.718 0.000
31.892 0.000 0.849 0.000
31.910 0.000 0.941 0.000
31.927 0.000 0.981 0.000
31.945 0.000 0.994 0.000
31.962 0.000 0.996 0.000
31.980 0.000 0.997 0.000
31.997 0.017 0.998 0.000
32.015 0.016 0.999 0.000
32.032 0.012 0.999 0.000
32.049 0.013 0.998 0.000
32.067 0.014 0.998 0.000
32.084 0.015 0.998 0.000
32.102 0.016 0.998 0.000
32.119 0.020 0.998 0.000
32.137 0.024 0.998 0.000
32.154 0.029 0.998 0.000
32.172 0.033 0.998 0.000
32.189 0.036 0.997 0.000
32.206 0.041 0.997 0.000
32.224 0.054 0.996 0.000
32.241 0.061 0.996 0.000
32.259 0.076 0.994 0.000
32.276 0.085 0.993 0.000
32.294 0.085 0.991 0.000
32.311 0.097 0.988 0.000
32.328 0.114 0.985 0.000
32.346 0.121 0.980 0.000
32.363 0.129 0.976 0.000
32.381 0.139 0.969 0.000
32.398 0.157 0.960 0.000
32.416 0.174 0.943 0.000
32.433 0.197 0.923 0.000
32.451 0.221 0.905 0.000
32.468 0.226 0.890 0.000
32.485 0.229 0.882 0.000
32.503 0.344 0.834 0.000
32.520 0.545 0.738 0.000
32.538 0.532 0.725 0.000
32.555 0.521 0.713 0.000
32.573 0.509 0.696 0.000
32.590 0.497 0.658 0.000
32.608 0.487 0.614 0.000
32.625 0.466 0.562 0.001
32.642 0.433 0.503 0.001
32.660 0.386 0.415 0.001
32.677 0.365 0.344 0.001
32.695 0.360 0.252 0.001
32.712 0.361 0.172 0.000
32.730 0.369 0.117 0.000
32.747 0.378 0.081 0.000
32.765 0.388 0.048 0.000
32.782 0.404 0.029 0.000
32.799 0.424 0.018 0.000
32.817 0.446 0.011 0.000
32.834 0.480 0.007 0.000
32.852 0.514 0.005 0.000
32.869 0.549 0.003 0.000
32.887 0.591 0.003 0.000
32.904 0.656 0.002 0.000
32.922 0.722 0.002 0.000
32.939 0.770 0.002 0.000
32.956 0.806 0.002 0.000
32.974 0.849 0.002 0.000
32.991 0.889 0.001 0.000
33.009 0.914 0.014 0.000
33.026 0.954 0.016 0.000
33.044 0.966 0.018 0.000
33.061 0.972 0.023 0.000
33.078 0.975 0.028 0.000
33.096 0.974 0.032 0.000
33.113 0.973 0.033 0.000
33.131 0.972 0.026 0.000
33.148 0.968 0.018 0.000
33.166 0.962 0.013 0.000
33.183 0.953 0.010 0.000
33.201 0.946 0.008 0.000
33.218 0.940 0.007 0.000
33.235 0.937 0.005 0.000
33.253 0.935 0.004 0.000
33.270 0.933 0.004 0.000
33.288 0.932 0.003 0.000
33.305 0.928 0.002 0.000
33.323 0.923 0.002 0.000
33.340 0.918 0.002 0.000
33.358 0.914 0.001 0.000
33.375 0.913 0.001 0.000
33.392 0.914 0.001 0.000
33.410 0.917 0.001 0.000
33.427 0.923 0.001 0.000
33.445 0.928 0.001 0.000
33.462 0.930 0.002 0.000
33.480 0.929 0.002 0.000
33.497 0.960 0.000 0.000
33.515 0.964 0.000 0.000
33.532 0.969 0.000 0.000
33.549 0.976 0.000 0.000
33.567 0.983 0.000 0.000
33.584 0.988 0.000 0.000
33.602 0.992 0.000 0.000
33.619 0.994 0.000 0.000
33.637 0.995 0.000 0.000
33.654 0.996 0.000 0.000
33.672 0.996 0.000 0.000
33.689 0.997 0.000 0.000
33.706 0.997 0.000 0.000
33.724 0.997 0.000 0.000
33.741 0.997 0.000 0.000
33.759 0.998 0.000 0.000
33.776 0.998 0.000 0.000
33.794 0.998 0.000 0.000
33.811 0.998 0.000 0.000
33.828 0.998 0.000 0.000
33.846 0.998 0.000 0.000
33.863 0.998 0.000 0.000
33.881 0.999 0.000 0.000
33.898 0.999 0.000 0.000
33.916 0.999 0.000 0.000
33.933 0.997 0.000 0.000
33.951 0.995 0.000 0.000
33.968 0.989 0.000 0.000
33.985 0.981 0.000 0.000
34.003 0.903 0.001 0.000
34.020 0.873 0.001 0.000
34.038 0.846 0.001 0.000
34.055 0.806 0.001 0.000
34.073 0.760 0.001 0.000
34.090 0.692 0.001 0.000
34.108 0.614 0.001 0.000
34.125 0.553 0.001 0.000
34.142 0.504 0.001 0.000
34.160 0.471 0.001 0.000
34.177 0.431 0.002 0.000
34.195 0.393 0.003 0.000
34.212 0.364 0.005 0.000
34.230 0.318 0.007 0.000
34.247 0.284 0.010 0.000
34.265 0.264 0.017 0.000
34.282 0.252 0.048 0.000
34.299 0.222 0.149 0.001
34.317 0.356 0.292 0.001
34.334 0.276 0.465 0.001
34.352 0.354 0.743 0.001
34.369 0.474 0.936 0.000
34.387 0.491 0.979 0.000
34.404 0.458 0.995 0.000
34.422 0.398 0.999 0.000
34.439 0.348 0.999 0.000
34.456 0.337 0.999 0.000
34.474 0.387 1.000 0.000
34.491 0.407 1.000 0.000
34.509 0.412 1.000 0.000
34.526 0.460 1.000 0.000
34.544 0.480 1.000 0.000
34.561 0.490 1.000 0.000
34.578 0.516 1.000 0.000
34.596 0.531 1.000 0.000
34.613 0.563 1.000 0.000
34.631 0.594 1.000 0.000
34.648 0.603 1.000 0.000
34.666 0.612 1.000 0.000
34.683 0.630 1.000 0.000
34.701 0.617 1.000 0.000
34.718 0.588 1.000 0.000
34.735 0.565 1.000 0.000
34.753 0.562 1.000 0.000
34.770 0.575 1.000 0.000
34.788 0.586 0.999 0.000
34.805 0.537 0.999 0.000
34.823 0.506 0.998 0.000
34.840 0.493 0.997 0.000
34.858 0.501 0.995 0.000
34.875 0.620 0.989 0.000
34.892 0.642 0.982 0.000
34.910 0.617 0.974 0.000
34.927 0.598 0.964 0.000
34.945 0.580 0.952 0.000
34.962 0.574 0.935 0.000
34.980 0.567 0.916 0.000
34.997 0.583 0.838 0.000
35.015 0.575 0.812 0.000
35.032 0.570 0.773 0.000
35.049 0.548 0.700 0.000
35.067 0.546 0.640 0.000
35.084 0.537 0.552 0.000
35.102 0.546 0.398 0.000
35.119 0.576 0.258 0.000
35.137 0.623 0.180 0.000
35.154 0.671 0.138 0.000
35.172 0.716 0.099 0.000
35.189 0.745 0.077 0.000
35.206 0.765 0.059 0.000
35.224 0.792 0.042 0.000
35.241 0.827 0.016 0.000
35.259 0.866 0.006 0.000
35.276 0.904 0.003 0.000
35.294 0.931 0.002 0.000
35.311 0.953 0.002 0.000
35.328 0.968 0.001 0.000
35.346 0.979 0.001 0.000
35.363 0.988 0.001 0.000
35.381 0.994 0.001 0.000
35.398 0.995 0.001 0.000
35.416 0.996 0.001 0.000
35.433 0.996 0.001 0.000
35.451 0.996 0.001 0.000
35.468 0.996 0.001 0.000
35.485 0.995 0.001 0.000
35.503 0.995 0.001 0.000
35.520 0.991 0.002 0.000
35.538 0.986 0.003 0.000
35.555 0.978 0.003 0.000
35.573 0.957 0.002 0.000
35.590 0.926 0.002 0.000
35.608 0.885 0.002 0.000
35.625 0.833 0.001 0.000
35.642 0.766 0.001 0.000
35.660 0.706 0.001 0.000
35.677 0.638 0.001 0.000
35.695 0.568 0.001 0.000
35.712 0.526 0.001 0.000
35.730 0.487 0.001 0.000
35.747 0.451 0.000 0.000
35.765 0.420 0.000 0.000
35.782 0.385 0.000 0.000
35.799 0.343 0.000 0.000
35.817 0.308 0.000 0.000
35.834 0.292 0.000 0.000
35.852 0.296 0.000 0.000
35.869 0.311 0.000 0.000
35.887 0.328 0.000 0.000
35.904 0.350 0.000 0.000
35.922 0.384 0.000 0.000
35.939 0.426 0.000 0.000
35.956 0.454 0.000 0.000
35.974 0.484 0.000 0.000
35.991 0.515 0.001 0.000
36.009 0.586 0.003 0.000
36.026 0.628 0.002 0.000
36.044 0.679 0.002 0.000
36.061 0.731 0.002 0.000
36.078 0.802 0.002 0.000
36.096 0.854 0.002 0.000
36.113 0.909 0.002 0.000
36.131 0.957 0.003 0.000
36.148 0.975 0.003 0.000
36.166 0.983 0.003 0.000
36.183 0.987 0.002 0.000
36.201 0.991 0.002 0.000
36.218 0.993 0.002 0.000
36.235 0.994 0.002 0.000
36.253 0.994 0.001 0.000
36.270 0.994 0.001 0.000
36.288 0.994 0.001 0.000
36.305 0.994 0.001 0.000
36.323 0.993 0.001 0.000
36.340 0.993 0.001 0.000
36.358 0.991 0.001 0.000
36.375 0.990 0.001 0.000
36.392 0.987 0.002 0.000
36.410 0.984 0.002 0.000
36.427 0.979 0.003 0.000
36.445 0.973 0.005 0.000
36.462 0.966 0.010 0.000
36.480 0.955 0.020 0.000
36.497 0.952 0.026 0.000
36.515 0.927 0.037 0.000
36.532 0.890 0.062 0.001
36.549 0.876 0.125 0.001
36.567 0.815 0.367 0.001
36.584 0.805 0.432 0.000
36.602 0.811 0.477 0.000
36.619 0.880 0.667 0.000
36.637 0.931 0.921 0.000
36.654 0.954 0.992 0.000
36.672 0.974 0.999 0.000
36.689 0.983 0.999 0.000
36.706 0.983 1.000 0.000
36.724 0.975 1.000 0.000
36.741 0.973 1.000 0.000
36.759 0.971 1.000 0.000
36.776 0.969 1.000 0.000
36.794 0.970 1.000 0.000
36.811 0.970 1.000 0.000
36.828 0.969 1.000 0.000
36.846 0.964 1.000 0.000
36.863 0.960 1.000 0.000
36.881 0.955 1.000 0.000
36.898 0.953 1.000 0.000
36.916 0.956 1.000 0.000
36.933 0.959 1.000 0.000
36.951 0.962 1.000 0.000
36.968 0.976 1.000 0.000
36.985 0.983 0.999 0.000
37.003 0.947 0.948 0.000
37.020 0.946 0.945 0.000
37.038 0.943 0.940 0.000
37.055 0.940 0.937 0.000
37.073 0.933 0.930 0.000
37.090 0.924 0.920 0.000
37.108 0.910 0.906 0.000
37.125 0.897 0.889 0.000
37.142 0.884 0.867 0.000
37.160 0.866 0.841 0.000
37.177 0.840 0.811 0.000
37.195 0.809 0.771 0.000
37.212 0.773 0.718 0.000
37.230 0.749 0.656 0.000
37.247 0.742 0.584 0.000
37.265 0.717 0.504 0.000
37.282 0.688 0.422 0.000
37.299 0.665 0.349 0.001
37.317 0.654 0.300 0.001
37.334 0.649 0.266 0.001
37.352 0.645 0.225 0.001
37.369 0.639 0.193 0.001
37.387 0.631 0.168 0.001
37.404 0.640 0.141 0.001
37.422 0.649 0.111 0.001
37.439 0.655 0.083 0.001
37.456 0.662 0.060 0.001
37.474 0.675 0.038 0.001
37.491 0.699 0.025 0.001
37.509 0.733 0.013 0.000
37.526 0.740 0.010 0.000
37.544 0.755 0.007 0.000
37.561 0.769 0.005 0.000
37.578 0.781 0.003 0.000
37.596 0.793 0.002 0.000
37.613 0.805 0.002 0.000
37.631 0.817 0.002 0.000
37.648 0.826 0.001 0.000
37.666 0.838 0.001 0.000
37.683 0.858 0.001 0.000
37.701 0.880 0.001 0.000
37.718 0.914 0.001 0.000
37.735 0.938 0.001 0.000
37.753 0.946 0.001 0.000
37.770 0.953 0.001 0.000
37.788 0.959 0.000 0.000
37.805 0.965 0.000 0.000
37.823 0.970 0.000 0.000
37.840 0.977 0.000 0.000
37.858 0.984 0.000 0.000
37.875 0.987 0.000 0.000
37.892 0.986 0.000 0.000
37.910 0.985 0.000 0.000
37.927 0.984 0.000 0.000
37.945 0.983 0.000 0.000
37.962 0.981 0.000 0.000
37.980 0.979 0.000 0.000
37.997 0.945 0.007 0.001
38.015 0.944 0.005 0.001
38.032 0.939 0.005 0.001
38.049 0.930 0.005 0.001
38.067 0.923 0.005 0.001
38.084 0.916 0.005 0.001
38.102 0.905 0.006 0.001
38.119 0.887 0.006 0.002
38.137 0.867 0.007 0.002
38.154 0.851 0.008 0.002
38.172 0.840 0.009 0.003
38.189 0.829 0.010 0.003
38.206 0.821 0.010 0.004
38.224 0.810 0.012 0.005
38.241 0.801 0.014 0.005
38.259 0.794 0.016 0.005
38.276 0.793 0.018 0.005
38.294 0.791 0.023 0.004
38.311 0.798 0.030 0.004
38.328 0.810 0.041 0.004
38.346 0.826 0.050 0.003
38.363 0.849 0.057 0.003
38.381 0.881 0.065 0.002
38.398 0.912 0.080 0.001
38.416 0.935 0.090 0.001
38.433 0.942 0.117 0.000
38.451 0.935 0.159 0.000
38.468 0.922 0.183 0.000
38.485 0.906 0.205 0.000
38.503 0.908 0.243 0.000
38.520 0.897 0.279 0.000
38.538 0.899 0.327 0.000
38.555 0.902 0.419 0.000
38.573 0.915 0.584 0.000
38.590 0.922 0.768 0.000
38.608 0.947 0.925 0.000
38.625 0.956 0.984 0.000
38.642 0.945 0.996 0.000
38.660 0.894 0.999 0.000
38.677 0.835 0.999 0.000
38.695 0.797 0.999 0.000
38.712 0.766 0.999 0.000
38.730 0.751 0.999 0.000
38.747 0.738 0.999 0.000
38.765 0.725 0.999 0.000
38.782 0.721 0.999 0.000
38.799 0.713 0.999 0.000
38.817 0.699 0.999 0.000
38.834 0.691 0.999 0.000
38.852 0.695 0.999 0.000
38.869 0.692 1.000 0.000
38.887 0.692 1.000 0.000
38.904 0.684 1.000 0.000
38.922 0.676 1.000 0.000
38.939 0.670 1.000 0.000
38.956 0.665 1.000 0.000
38.974 0.663 1.000 0.000
38.991 0.665 0.999 0.000
39.009 0.659 0.928 0.000
39.026 0.682 0.918 0.001
39.044 0.712 0.909 0.001
39.061 0.859 0.894 0.001
39.078 0.847 0.875 0.001
39.096 0.832 0.851 0.001
39.113 0.814 0.824 0.001
39.131 0.789 0.791 0.001
39.148 0.773 0.759 0.001
39.166 0.769 0.723 0.001
39.183 0.767 0.677 0.001
39.201 0.772 0.632 0.000
39.218 0.788 0.567 0.000
39.235 0.804 0.487 0.000
39.253 0.830 0.413 0.000
39.270 0.857 0.329 0.000
39.288 0.874 0.284 0.000
39.305 0.893 0.251 0.000
39.323 0.906 0.221 0.000
39.340 0.920 0.198 0.000
39.358 0.934 0.177 0.000
39.375 0.940 0.169 0.000
39.392 0.941 0.161 0.000
39.410 0.939 0.144 0.000
39.427 0.940 0.128 0.000
39.445 0.939 0.111 0.000
39.462 0.940 0.098 0.000
39.480 0.941 0.087 0.000
39.497 0.939 0.078 0.000
39.515 0.935 0.080 0.000
39.532 0.929 0.074 0.000
39.549 0.928 0.054 0.000
39.567 0.923 0.032 0.000
39.584 0.922 0.017 0.000
39.602 0.920 0.009 0.000
39.619 0.913 0.005 0.000
39.637 0.906 0.004 0.000
39.654 0.899 0.003 0.000
39.672 0.894 0.002 0.000
39.689 0.890 0.002 0.000
39.706 0.884 0.001 0.000
39.724 0.880 0.001 0.000
39.741 0.881 0.001 0.000
39.759 0.885 0.001 0.000
39.776 0.890 0.001 0.000
39.794 0.897 0.001 0.000
39.811 0.905 0.001 0.000
39.828 0.917 0.001 0.000
39.846 0.925 0.001 0.000
39.863 0.928 0.001 0.000
39.881 0.935 0.001 0.000
39.898 0.944 0.001 0.000
39.916 0.957 0.001 0.000
39.933 0.968 0.001 0.000
39.951 0.977 0.001 0.000
39.968 0.982 0.001 0.000
39.985 0.987 0.001 0.000
40.003 0.988 0.003 0.000
40.020 0.991 0.001 0.000
40.038 0.993 0.001 0.000
40.055 0.994 0.001 0.000
40.073 0.995 0.001 0.000
40.090 0.995 0.001 0.000
40.108 0.995 0.001 0.000
40.125 0.996 0.000 0.000
40.142 0.996 0.000 0.000
40.160 0.996 0.000 0.000
40.177 0.995 0.000 0.000
40.195 0.995 0.000 0.000
40.212 0.996 0.000 0.000
40.230 0.996 0.000 0.000
40.247 0.995 0.000 0.000
40.265 0.994 0.000 0.000
40.282 0.993 0.000 0.000
40.299 0.991 0.001 0.000
40.317 0.989 0.001 0.000
40.334 0.986 0.001 0.000
40.352 0.983 0.001 0.000
40.369 0.979 0.002 0.000
40.387 0.973 0.002 0.000
40.404 0.965 0.003 0.000
40.422 0.955 0.004 0.000
40.439 0.934 0.005 0.000
40.456 0.900 0.006 0.000
40.474 0.846 0.005 0.000
40.491 0.775 0.004 0.000
40.509 0.740 0.004 0.001
40.526 0.714 0.005 0.001
40.544 0.697 0.010 0.001
40.561 0.684 0.031 0.002
40.578 0.616 0.218 0.000
40.596 0.601 0.361 0.000
40.613 0.595 0.448 0.000
40.631 0.795 0.869 0.000
40.648 0.928 0.985 0.000
40.666 0.969 0.996 0.000
40.683 0.952 0.999 0.000
40.701 0.926 1.000 0.000
40.718 0.911 1.000 0.000
40.735 0.917 1.000 0.000
40.753 0.924 1.000 0.000
40.770 0.926 1.000 0.000
40.788 0.929 1.000 0.000
40.805 0.935 1.000 0.000
40.823 0.940 1.000 0.000
40.840 0.943 1.000 0.000
40.858 0.946 1.000 0.000
40.875 0.952 1.000 0.000
40.892 0.955 1.000 0.000
40.910 0.955 1.000 0.000
40.927 0.955 1.000 0.000
40.945 0.957 1.000 0.000
40.962 0.954 1.000 0.000
40.980 0.953 1.000 0.000
40.997 0.931 0.993 0.000
41.015 0.929 0.995 0.000
41.032 0.906 0.998 0.000
41.049 0.903 0.998 0.000
41.067 0.898 0.998 0.000
41.084 0.899 0.997 0.000
41.102 0.886 0.997 0.000
41.119 0.868 0.996 0.000
41.137 0.853 0.995 0.000
41.154 0.833 0.993 0.000
41.172 0.847 0.988 0.000
41.189 0.857 0.978 0.000
41.206 0.813 0.968 0.000
41.224 0.756 0.952 0.000
41.241 0.702 0.931 0.000
41.259 0.662 0.899 0.000
41.276 0.619 0.857 0.000
41.294 0.571 0.798 0.000
41.311 0.516 0.716 0.000
41.328 0.480 0.609 0.000
41.346 0.498 0.481 0.000
41.363 0.504 0.367 0.000
41.381 0.516 0.272 0.000
41.398 0.543 0.198 0.000
41.416 0.584 0.146 0.000
41.433 0.621 0.105 0.000
41.451 0.660 0.066 0.000
41.468 0.693 0.037 0.000
41.485 0.726 0.020 0.000
41.503 0.769 0.011 0.000
41.520 0.807 0.007 0.000
41.538 0.841 0.005 0.000
41.555 0.868 0.004 0.000
41.573 0.894 0.003 0.000
41.590 0.938 0.002 0.000
41.608 0.970 0.002 0.000
41.625 0.983 0.001 0.000
41.642 0.989 0.001 0.000
41.660 0.992 0.001 0.000
41.677 0.994 0.001 0.000
41.695 0.996 0.001 0.000
41.712 0.997 0.001 0.000
41.730 0.997 0.000 0.000
41.747 0.998 0.000 0.000
41.765 0.998 0.000 0.000
41.782 0.998 0.000 0.000
41.799 0.998 0.000 0.000
41.817 0.998 0.000 0.000
41.834 0.998 0.000 0.000
41.852 0.998 0.000 0.000
41.869 0.997 0.000 0.000
41.887 0.996 0.000 0.000
41.904 0.996 0.001 0.000
41.922 0.995 0.001 0.000
41.939 0.994 0.001 0.000
41.956 0.992 0.002 0.000
41.974 0.990 0.002 0.000
41.991 0.986 0.004 0.000
42.009 0.940 0.007 0.002
42.026 0.934 0.010 0.002
42.044 0.928 0.012 0.002
42.061 0.920 0.015 0.002
42.078 0.910 0.018 0.002
42.096 0.897 0.020 0.003
42.113 0.880 0.026 0.003
42.131 0.864 0.033 0.004
42.148 0.844 0.044 0.004
42.166 0.825 0.053 0.005
42.183 0.806 0.063 0.005
42.201 0.787 0.076 0.005
42.218 0.768 0.090 0.005
42.235 0.756 0.101 0.006
42.253 0.754 0.106 0.007
42.270 0.782 0.109 0.006
42.288 0.812 0.107 0.005
42.305 0.814 0.107 0.005
42.323 0.820 0.109 0.005
42.340 0.826 0.110 0.005
42.358 0.844 0.107 0.005
42.375 0.874 0.104 0.004
42.392 0.901 0.100 0.003
42.410 0.927 0.096 0.002
42.427 0.944 0.091 0.001
42.445 0.951 0.083 0.001
42.462 0.957 0.072 0.000
42.480 0.961 0.059 0.000
42.497 0.972 0.022 0.000
42.515 0.970 0.026 0.000
42.532 0.964 0.031 0.000
42.549 0.954 0.036 0.000
42.567 0.944 0.040 0.000
42.584 0.931 0.052 0.000
42.602 0.909 0.087 0.000
42.619 0.880 0.158 0.001
42.637 0.857 0.277 0.001
42.654 0.840 0.364 0.001
42.672 0.815 0.429 0.001
42.689 0.796 0.486 0.001
42.706 0.824 0.589 0.001
42.724 0.879 0.767 0.000
42.741 0.898 0.927 0.000
42.759 0.898 0.980 0.000
42.776 0.881 0.992 0.000
42.794 0.750 0.998 0.000
42.811 0.715 0.999 0.000
42.828 0.712 0.999 0.000
42.846 0.715 0.999 0.000
42.863 0.705 1.000 0.000
42.881 0.702 1.000 0.000
42.898 0.703 1.000 0.000
42.916 0.710 1.000 0.000
42.933 0.727 1.000 0.000
42.951 0.741 1.000 0.000
42.968 0.744 1.000 0.000
42.985 0.739 1.000 0.000
43.003 0.748 0.995 0.000
43.020 0.755 0.997 0.000
43.038 0.728 0.999 0.000
43.055 0.746 0.999 0.000
43.073 0.765 0.999 0.000
43.090 0.769 0.998 0.000
43.108 0.775 0.998 0.000
43.125 0.789 0.997 0.000
43.142 0.913 0.992 0.000
43.160 0.909 0.988 0.000
43.177 0.903 0.983 0.000
43.195 0.902 0.976 0.000
43.212 0.904 0.971 0.000
43.230 0.906 0.965 0.000
43.247 0.907 0.961 0.000
43.265 0.915 0.957 0.000
43.282 0.935 0.946 0.000
43.299 0.951 0.885 0.000
43.317 0.963 0.764 0.000
43.334 0.974 0.661 0.000
43.352 0.981 0.597 0.000
43.369 0.983 0.563 0.000
43.387 0.981 0.543 0.000
43.404 0.977 0.484 0.000
43.422 0.970 0.421 0.000
43.439 0.953 0.353 0.000
43.456 0.917 0.280 0.000
43.474 0.883 0.279 0.000
43.491 0.862 0.279 0.000
43.509 0.804 0.175 0.000
43.526 0.762 0.069 0.000
43.544 0.749 0.023 0.000
43.561 0.741 0.009 0.000
43.578 0.649 0.004 0.000
43.596 0.567 0.002 0.000
43.613 0.474 0.001 0.000
43.631 0.411 0.001 0.000
43.648 0.368 0.000 0.000
43.666 0.328 0.000 0.000
43.683 0.317 0.000 0.000
43.701 0.315 0.000 0.000
43.718 0.317 0.000 0.000
43.735 0.315 0.000 0.000
43.753 0.325 0.000 0.000
43.770 0.338 0.000 0.000
43.788 0.360 0.000 0.000
43.805 0.391 0.000 0.000
43.823 0.428 0.000 0.000
43.840 0.519 0.000 0.000
43.858 0.596 0.000 0.000
43.875 0.648 0.000 0.000
43.892 0.707 0.000 0.000
43.910 0.783 0.000 0.000
43.927 0.847 0.000 0.000
43.945 0.917 0.000 0.000
43.962 0.966 0.000 0.000
43.980 0.991 0.000 0.000
43.997 0.989 0.004 0.000
44.015 0.993 0.001 0.000
44.032 0.994 0.001 0.000
44.049 0.996 0.000 0.000
44.067 0.997 0.000 0.000
44.084 0.997 0.000 0.000
44.102 0.997 0.000 0.000
44.119 0.997 0.000 0.000
44.137 0.998 0.000 0.000
44.154 0.998 0.000 0.000
44.172 0.997 0.000 0.000
44.189 0.996 0.000 0.000
44.206 0.995 0.000 0.000
44.224 0.993 0.000 0.000
44.241 0.989 0.001 0.000
44.259 0.983 0.001 0.000
44.276 0.978 0.001 0.000
44.294 0.970 0.001 0.000
44.311 0.957 0.002 0.000
44.328 0.936 0.002 0.000
44.346 0.893 0.002 0.000
44.363 0.826 0.002 0.000
44.381 0.702 0.001 0.000
44.398 0.622 0.001 0.000
44.416 0.493 0.001 0.000
44.433 0.398 0.001 0.000
44.451 0.329 0.001 0.000
44.468 0.279 0.001 0.000
44.485 0.246 0.001 0.001
44.503 0.209 0.000 0.001
44.520 0.208 0.000 0.001
44.538 0.211 0.000 0.001
44.555 0.229 0.000 0.001
44.573 0.259 0.000 0.001
44.590 0.287 0.000 0.001
44.608 0.314 0.000 0.001
44.625 0.400 0.001 0.001
44.642 0.562 0.001 0.001
44.660 0.699 0.003 0.001
44.677 0.771 0.005 0.001
44.695 0.818 0.009 0.001
44.712 0.847 0.012 0.001
44.730 0.862 0.018 0.001
44.747 0.878 0.030 0.001
44.765 0.903 0.062 0.001
44.782 0.925 0.125 0.001
44.799 0.935 0.206 0.001
44.817 0.938 0.294 0.001
44.834 0.947 0.379 0.001
44.852 0.959 0.474 0.001
44.869 0.974 0.635 0.000
44.887 0.982 0.738 0.000
44.904 0.983 0.848 0.000
44.922 0.983 0.955 0.000
44.939 0.987 0.989 0.000
44.956 0.987 0.997 0.000
44.974 0.987 0.999 0.000
44.991 0.988 0.999 0.000
45.009 0.969 0.999 0.000
45.026 0.958 0.999 0.000
45.044 0.960 1.000 0.000
45.061 0.959 1.000 0.000
45.078 0.953 1.000 0.000
45.096 0.945 1.000 0.000
45.113 0.940 1.000 0.000
45.131 0.930 1.000 0.000
45.148 0.922 1.000 0.000
45.166 0.913 1.000 0.000
45.183 0.906 1.000 0.000
45.201 0.894 1.000 0.000
45.218 0.884 1.000 0.000
45.235 0.873 1.000 0.000
45.253 0.859 0.999 0.000
45.270 0.846 0.999 0.000
45.288 0.808 0.999 0.000
45.305 0.786 0.999 0.000
45.323 0.838 0.998 0.000
45.340 0.919 0.996 0.000
45.358 0.912 0.995 0.000
45.375 0.909 0.993 0.000
45.392 0.905 0.990 0.000
45.410 0.909 0.986 0.000
45.427 0.919 0.980 0.000
45.445 0.929 0.972 0.000
45.462 0.938 0.964 0.000
45.480 0.947 0.950 0.000
45.497 0.959 0.903 0.000
45.515 0.972 0.842 0.000
45.532 0.981 0.810 0.000
45.549 0.987 0.776 0.000
45.567 0.992 0.705 0.000
45.584 0.994 0.619 0.000
45.602 0.995 0.533 0.000
45.619 0.996 0.377 0.000
45.637 0.997 0.249 0.000
45.654 0.997 0.139 0.000
45.672 0.997 0.097 0.000
45.689 0.997 0.058 0.000
45.706 0.995 0.038 0.000
45.724 0.991 0.029 0.000
45.741 0.984 0.029 0.000
45.759 0.977 0.029 0.000
45.776 0.969 0.034 0.000
45.794 0.956 0.035 0.000
45.811 0.922 0.025 0.000
45.828 0.851 0.016 0.000
45.846 0.766 0.010 0.000
45.863 0.687 0.006 0.000
45.881 0.587 0.004 0.000
45.898 0.516 0.003 0.000
45.916 0.476 0.003 0.000
45.933 0.444 0.003 0.000
45.951 0.415 0.003 0.000
45.968 0.377 0.002 0.000
45.985 0.331 0.002 0.000
46.003 0.337 0.002 0.000
46.020 0.279 0.002 0.000
46.038 0.250 0.001 0.000
46.055 0.233 0.001 0.000
46.073 0.231 0.001 0.000
46.090 0.238 0.001 0.000
46.108 0.258 0.001 0.000
46.125 0.291 0.001 0.000
46.142 0.328 0.001 0.000
46.160 0.375 0.001 0.000
46.177 0.434 0.001 0.000
46.195 0.514 0.001 0.000
46.212 0.586 0.001 0.000
46.230 0.642 0.001 0.000
46.247 0.700 0.001 0.000
46.265 0.760 0.001 0.000
46.282 0.815 0.001 0.000
46.299 0.860 0.001 0.000
46.317 0.893 0.001 0.000
46.334 0.916 0.001 0.000
46.352 0.936 0.001 0.000
46.369 0.956 0.001 0.000
46.387 0.973 0.001 0.000
46.404 0.986 0.001 0.000
46.422 0.991 0.002 0.000
46.439 0.994 0.002 0.000
46.456 0.995 0.002 0.000
46.474 0.996 0.002 0.000
46.491 0.996 0.001 0.000
46.509 0.997 0.000 0.000
46.526 0.993 0.001 0.000
46.544 0.984 0.001 0.000
46.561 0.973 0.001 0.000
46.578 0.961 0.001 0.000
46.596 0.934 0.001 0.000
46.613 0.874 0.001 0.000
46.631 0.751 0.001 0.000
46.648 0.578 0.001 0.000
46.666 0.407 0.001 0.000
46.683 0.275 0.000 0.000
46.701 0.220 0.000 0.000
46.718 0.202 0.000 0.000
46.735 0.184 0.000 0.000
46.753 0.165 0.000 0.000
46.770 0.138 0.000 0.000
46.788 0.110 0.000 0.000
46.805 0.089 0.000 0.000
46.823 0.074 0.000 0.000
46.840 0.065 0.000 0.000
46.858 0.064 0.000 0.000
46.875 0.062 0.000 0.000
46.892 0.059 0.000 0.000
46.910 0.059 0.000 0.000
46.927 0.060 0.000 0.000
46.945 0.061 0.000 0.000
46.962 0.061 0.000 0.000
46.980 0.061 0.000 0.000
46.997 0.128 0.011 0.000
47.015 0.129 0.011 0.000
47.032 0.137 0.011 0.000
47.049 0.146 0.010 0.000
47.067 0.158 0.010 0.000
47.084 0.176 0.009 0.000
47.102 0.197 0.008 0.000
47.119 0.224 0.008 0.000
47.137 0.253 0.007 0.000
47.154 0.285 0.007 0.000
47.172 0.320 0.006 0.000
47.189 0.361 0.005 0.000
47.206 0.402 0.005 0.000
47.224 0.444 0.005 0.000
47.241 0.488 0.004 0.000
47.259 0.530 0.004 0.000
47.276 0.571 0.004 0.000
47.294 0.612 0.004 0.000
47.311 0.650 0.004 0.000
47.328 0.683 0.004 0.000
47.346 0.711 0.005 0.000
47.363 0.740 0.006 0.000
47.381 0.764 0.007 0.000
47.398 0.782 0.008 0.000
47.416 0.795 0.009 0.000
47.433 0.810 0.009 0.000
47.451 0.822 0.010 0.000
47.468 0.828 0.009 0.001
47.485 0.834 0.007 0.001
47.503 0.890 0.001 0.000
47.520 0.883 0.001 0.000
47.538 0.878 0.001 0.000
47.555 0.873 0.002 0.000
47.573 0.864 0.002 0.000
47.590 0.860 0.002 0.000
47.608 0.852 0.002 0.000
47.625 0.842 0.002 0.000
47.642 0.832 0.002 0.000
47.660 0.824 0.002 0.000
47.677 0.819 0.002 0.000
47.695 0.818 0.002 0.000
47.712 0.816 0.002 0.000
47.730 0.813 0.002 0.000
47.747 0.815 0.002 0.000
47.765 0.825 0.002 0.000
47.782 0.838 0.002 0.000
47.799 0.859 0.002 0.000
47.817 0.879 0.002 0.000
47.834 0.895 0.002 0.000
47.852 0.911 0.002 0.000
47.869 0.921 0.002 0.000
47.887 0.933 0.003 0.000
47.904 0.946 0.003 0.000
47.922 0.963 0.003 0.000
47.939 0.973 0.003 0.000
47.956 0.984 0.003 0.000
47.974 0.990 0.002 0.000
47.991 0.991 0.002 0.000
48.009 0.978 0.003 0.000
48.026 0.979 0.002 0.000
48.044 0.980 0.002 0.000
48.061 0.978 0.002 0.000
48.078 0.973 0.001 0.000
48.096 0.964 0.001 0.000
48.113 0.950 0.001 0.000
48.131 0.941 0.001 0.000
48.148 0.927 0.002 0.000
48.166 0.896 0.002 0.000
48.183 0.850 0.002 0.000
48.201 0.800 0.002 0.000
48.218 0.736 0.002 0.001
48.235 0.652 0.002 0.001
48.253 0.565 0.002 0.001
48.270 0.483 0.001 0.001
48.288 0.404 0.001 0.001
48.305 0.329 0.001 0.001
48.323 0.264 0.001 0.001
48.340 0.210 0.001 0.001
48.358 0.170 0.001 0.001
48.375 0.139 0.001 0.001
48.392 0.117 0.001 0.001
48.410 0.099 0.002 0.001
48.427 0.086 0.002 0.001
48.445 0.077 0.002 0.001
48.462 0.071 0.003 0.001
48.480 0.062 0.003 0.001
48.497 0.002 0.000 0.001
48.515 0.002 0.000 0.000
48.532 0.001 0.000 0.000
48.549 0.001 0.000 0.000
48.567 0.001 0.000 0.000
48.584 0.001 0.000 0.001
48.602 0.001 0.004 0.001
48.619 0.001 0.072 0.000
48.637 0.001 0.128 0.001
48.654 0.001 0.252 0.007
48.672 0.003 0.361 0.009
48.689 0.005 0.653 0.005
48.706 0.001 0.863 0.004
48.724 0.001 0.976 0.001
48.741 0.000 0.997 0.000
48.759 0.000 1.000 0.000
48.776 0.000 1.000 0.000
48.794 0.000 1.000 0.000
48.811 0.000 1.000 0.000
48.828 0.000 1.000 0.000
48.846 0.000 1.000 0.000
48.863 0.000 1.000 0.000
48.881 0.000 1.000 0.000
48.898 0.000 1.000 0.000
48.916 0.000 1.000 0.000
48.933 0.000 1.000 0.000
48.951 0.000 1.000 0.000
48.968 0.000 1.000 0.000
48.985 0.000 1.000 0.000
49.003 0.046 0.954 0.000
49.020 0.054 0.954 0.000
49.038 0.064 0.964 0.000
49.055 0.078 0.967 0.000
49.073 0.087 0.964 0.000
49.090 0.098 0.960 0.000
49.108 0.109 0.953 0.000
49.125 0.121 0.941 0.000
49.142 0.135 0.922 0.000
49.160 0.153 0.901 0.000
49.177 0.174 0.874 0.000
49.195 0.197 0.842 0.000
49.212 0.223 0.802 0.000
49.230 0.253 0.749 0.000
49.247 0.286 0.687 0.000
49.265 0.314 0.623 0.000
49.282 0.348 0.559 0.000
49.299 0.384 0.482 0.000
49.317 0.419 0.405 0.000
49.334 0.454 0.330 0.000
49.352 0.487 0.252 0.000
49.369 0.517 0.187 0.000
49.387 0.550 0.129 0.000
49.404 0.591 0.079 0.001
49.422 0.636 0.050 0.001
49.439 0.684 0.035 0.001
49.456 0.723 0.027 0.001
49.474 0.797 0.022 0.001
49.491 0.837 0.019 0.001
49.509 0.942 0.001 0.000
49.526 0.956 0.001 0.000
49.544 0.966 0.001 0.000
49.561 0.977 0.000 0.000
49.578 0.987 0.000 0.000
49.596 0.989 0.000 0.000
49.613 0.986 0.000 0.000
49.631 0.984 0.000 0.000
49.648 0.982 0.000 0.000
49.666 0.982 0.000 0.000
49.683 0.978 0.000 0.000
49.701 0.973 0.000 0.000
49.718 0.970 0.001 0.000
49.735 0.967 0.001 0.000
49.753 0.969 0.001 0.000
49.770 0.967 0.001 0.000
49.788 0.965 0.001 0.000
49.805 0.970 0.001 0.000
49.823 0.970 0.001 0.000
49.840 0.968 0.001 0.000
49.858 0.967 0.001 0.000
49.875 0.965 0.001 0.000
49.892 0.964 0.001 0.000
49.910 0.962 0.001 0.000
49.927 0.962 0.001 0.000
49.945 0.963 0.001 0.000
49.962 0.969 0.001 0.000
49.980 0.976 0.000 0.000
49.997 0.967 0.003 0.000
50.015 0.970 0.003 0.000
50.032 0.972 0.002 0.000
50.049 0.973 0.001 0.000
50.067 0.972 0.001 0.000
50.084 0.971 0.001 0.000
50.102 0.969 0.001 0.000
50.119 0.969 0.001 0.000
50.137 0.969 0.001 0.000
50.154 0.968 0.002 0.000
50.172 0.968 0.003 0.000
50.189 0.966 0.003 0.000
50.206 0.966 0.004 0.000
50.224 0.970 0.004 0.000
50.241 0.972 0.004 0.000
50.259 0.972 0.003 0.000
50.276 0.973 0.003 0.000
50.294 0.974 0.003 0.000
50.311 0.974 0.003 0.000
50.328 0.974 0.003 0.000
50.346 0.974 0.003 0.000
50.363 0.974 0.003 0.000
50.381 0.972 0.004 0.000
50.398 0.967 0.004 0.000
50.416 0.958 0.004 0.000
50.433 0.942 0.005 0.000
50.451 0.925 0.005 0.000
50.468 0.909 0.005 0.000
50.485 0.897 0.005 0.000
50.503 0.882 0.002 0.000
50.520 0.857 0.003 0.000
50.538 0.820 0.004 0.000
50.555 0.763 0.004 0.000
50.573 0.673 0.004 0.000
50.590 0.594 0.003 0.000
50.608 0.517 0.003 0.000
50.625 0.430 0.003 0.000
50.642 0.340 0.002 0.000
50.660 0.270 0.002 0.001
50.677 0.225 0.002 0.001
50.695 0.203 0.003 0.002
50.712 0.191 0.003 0.002
50.730 0.186 0.004 0.003
50.747 0.191 0.006 0.004
50.765 0.201 0.009 0.004
50.782 0.207 0.011 0.004
50.799 0.216 0.016 0.003
50.817 0.231 0.021 0.004
50.834 0.252 0.026 0.004
50.852 0.287 0.029 0.005
50.869 0.336 0.029 0.005
50.887 0.386 0.027 0.004
50.904 0.422 0.029 0.003
50.922 0.468 0.033 0.003
50.939 0.515 0.033 0.004
50.956 0.544 0.034 0.005
50.974 0.563 0.035 0.007
50.991 0.604 0.043 0.007
51.009 0.645 0.102 0.005
51.026 0.660 0.126 0.004
51.044 0.679 0.161 0.004
51.061 0.692 0.206 0.003
51.078 0.719 0.236 0.003
51.096 0.741 0.263 0.002
51.113 0.760 0.293 0.002
51.131 0.784 0.319 0.002
51.148 0.803 0.342 0.001
51.166 0.818 0.358 0.001
51.183 0.830 0.375 0.001
51.201 0.845 0.388 0.001
51.218 0.859 0.393 0.001
51.235 0.873 0.398 0.001
51.253 0.887 0.407 0.001
51.270 0.898 0.420 0.001
51.288 0.908 0.425 0.001
51.305 0.918 0.432 0.001
51.323 0.924 0.438 0.001
51.340 0.931 0.447 0.000
51.358 0.938 0.444 0.000
51.375 0.943 0.451 0.000
51.392 0.949 0.479 0.000
51.410 0.955 0.502 0.000
51.427 0.962 0.529 0.000
51.445 0.963 0.533 0.000
51.462 0.957 0.517 0.000
51.480 0.933 0.484 0.000
51.497 0.890 0.445 0.000
51.515 0.815 0.382 0.000
51.532 0.745 0.358 0.000
51.549 0.702 0.351 0.000
51.567 0.673 0.339 0.000
51.584 0.607 0.242 0.000
51.602 0.550 0.182 0.000
51.619 0.495 0.129 0.000
51.637 0.429 0.077 0.000
51.654 0.394 0.043 0.000
51.672 0.373 0.023 0.000
51.689 0.363 0.012 0.000
51.706 0.335 0.005 0.000
51.724 0.296 0.002 0.000
51.741 0.270 0.001 0.000
51.759 0.307 0.001 0.000
51.776 0.369 0.001 0.000
51.794 0.435 0.001 0.000
51.811 0.504 0.001 0.000
51.828 0.579 0.002 0.000
51.846 0.677 0.004 0.000
51.863 0.761 0.008 0.000
51.881 0.848 0.011 0.000
51.898 0.919 0.011 0.000
51.916 0.959 0.011 0.000
51.933 0.981 0.011 0.000
51.951 0.989 0.011 0.000
51.968 0.992 0.011 0.000
51.985 0.993 0.011 0.000
52.003 0.989 0.013 0.000
52.020 0.992 0.011 0.000
52.038 0.993 0.011 0.000
52.055 0.994 0.012 0.000
52.073 0.995 0.012 0.000
52.090 0.995 0.014 0.000
52.108 0.995 0.015 0.000
52.125 0.995 0.016 0.000
52.142 0.994 0.019 0.000
52.160 0.992 0.021 0.000
52.177 0.988 0.029 0.000
52.195 0.978 0.042 0.000
52.212 0.968 0.048 0.000
52.230 0.957 0.067 0.000
52.247 0.938 0.103 0.000
52.265 0.902 0.118 0.000
52.282 0.872 0.139 0.000
52.299 0.838 0.148 0.000
52.317 0.768 0.117 0.000
52.334 0.717 0.097 0.000
52.352 0.686 0.084 0.000
52.369 0.650 0.073 0.000
52.387 0.624 0.065 0.000
52.404 0.594 0.059 0.000
52.422 0.575 0.052 0.000
52.439 0.570 0.046 0.001
52.456 0.566 0.040 0.001
52.474 0.574 0.032 0.001
52.491 0.577 0.022 0.001
52.509 0.596 0.003 0.001
52.526 0.618 0.004 0.001
52.544 0.640 0.005 0.001
52.561 0.681 0.006 0.001
52.578 0.707 0.008 0.001
52.596 0.725 0.010 0.002
52.613 0.738 0.012 0.002
52.631 0.751 0.015 0.002
52.648 0.770 0.019 0.002
52.666 0.785 0.025 0.002
52.683 0.797 0.034 0.002
52.701 0.808 0.048 0.001
52.718 0.817 0.070 0.001
52.735 0.839 0.112 0.001
52.753 0.864 0.208 0.001
52.770 0.886 0.369 0.001
52.788 0.886 0.460 0.001
52.805 0.898 0.532 0.001
52.823 0.911 0.595 0.001
52.840 0.929 0.694 0.000
52.858 0.941 0.828 0.000
52.875 0.949 0.924 0.000
52.892 0.964 0.972 0.000
52.910 0.975 0.992 0.000
52.927 0.980 0.997 0.000
52.945 0.984 0.999 0.000
52.962 0.988 0.999 0.000
52.980 0.990 0.999 0.000
52.997 0.939 0.999 0.000
53.015 0.942 0.999 0.000
53.032 0.936 1.000 0.000
53.049 0.926 1.000 0.000
53.067 0.913 1.000 0.000
53.084 0.899 1.000 0.000
53.102 0.882 0.999 0.000
53.119 0.859 0.999 0.000
53.137 0.836 0.999 0.000
53.154 0.812 0.999 0.000
53.172 0.786 0.999 0.000
53.189 0.758 0.999 0.000
53.206 0.730 0.999 0.000
53.224 0.706 0.999 0.000
53.241 0.683 0.999 0.000
53.259 0.651 0.998 0.000
53.276 0.623 0.998 0.000
53.294 0.597 0.997 0.000
53.311 0.567 0.995 0.000
53.328 0.539 0.993 0.000
53.346 0.506 0.990 0.000
53.363 0.472 0.986 0.000
53.381 0.435 0.980 0.000
53.398 0.539 0.956 0.000
53.416 0.579 0.918 0.000
53.433 0.553 0.872 0.000
53.451 0.545 0.822 0.000
53.468 0.529 0.753 0.000
53.485 0.520 0.683 0.000
53.503 0.476 0.568 0.000
53.520 0.497 0.440 0.000
53.538 0.527 0.346 0.000
53.555 0.563 0.276 0.000
53.573 0.602 0.212 0.000
53.590 0.637 0.149 0.000
53.608 0.673 0.113 0.000
53.625 0.698 0.088 0.000
53.642 0.716 0.058 0.000
53.660 0.736 0.040 0.000
53.677 0.747 0.029 0.000
53.695 0.754 0.020 0.000
53.712 0.752 0.015 0.000
53.730 0.749 0.011 0.000
53.747 0.738 0.008 0.000
53.765 0.718 0.006 0.000
53.782 0.701 0.004 0.000
53.799 0.656 0.003 0.000
53.817 0.570 0.002 0.000
53.834 0.505 0.001 0.000
53.852 0.463 0.001 0.000
53.869 0.434 0.000 0.000
53.887 0.405 0.000 0.000
53.904 0.360 0.000 0.000
53.922 0.323 0.000 0.000
53.939 0.299 0.000 0.000
53.956 0.278 0.000 0.000
53.974 0.255 0.000 0.000
53.991 0.234 0.000 0.000
54.009 0.256 0.003 0.000
54.026 0.251 0.002 0.000
54.044 0.246 0.001 0.000
54.061 0.250 0.001 0.000
54.078 0.256 0.001 0.000
54.096 0.268 0.001 0.000
54.113 0.285 0.000 0.000
54.131 0.309 0.000 0.000
54.148 0.344 0.000 0.000
54.166 0.392 0.000 0.000
54.183 0.475 0.000 0.000
54.201 0.585 0.001 0.000
54.218 0.668 0.001 0.000
54.235 0.753 0.001 0.000
54.253 0.851 0.002 0.000
54.270 0.911 0.002 0.000
54.288 0.942 0.002 0.000
54.305 0.959 0.002 0.000
54.323 0.970 0.002 0.000
54.340 0.978 0.002 0.000
54.358 0.984 0.001 0.000
54.375 0.989 0.001 0.000
54.392 0.992 0.001 0.000
54.410 0.994 0.001 0.000
54.427 0.996 0.001 0.000
54.445 0.997 0.001 0.000
54.462 0.997 0.001 0.000
54.480 0.998 0.001 0.000
54.497 0.999 0.000 0.000
54.515 0.999 0.000 0.000
54.532 0.999 0.000 0.000
54.549 0.999 0.000 0.000
54.567 0.999 0.000 0.000
54.584 0.998 0.000 0.000
54.602 0.997 0.000 0.000
54.619 0.996 0.001 0.000
54.637 0.994 0.001 0.000
54.654 0.992 0.001 0.000
54.672 0.988 0.001 0.000
54.689 0.984 0.001 0.000
54.706 0.978 0.002 0.000
54.724 0.972 0.002 0.000
54.741 0.961 0.002 0.000
54.759 0.940 0.002 0.000
54.776 0.896 0.002 0.001
54.794 0.835 0.002 0.001
54.811 0.759 0.002 0.001
54.828 0.643 0.002 0.001
54.846 0.483 0.001 0.001
54.863 0.418 0.001 0.001
54.881 0.408 0.002 0.001
54.898 0.425 0.002 0.002
54.916 0.438 0.003 0.002
54.933 0.436 0.006 0.002
54.951 0.428 0.012 0.002
54.968 0.408 0.028 0.002
54.985 0.374 0.083 0.002
55.003 0.414 0.185 0.001
55.020 0.439 0.249 0.001
55.038 0.489 0.340 0.001
55.055 0.560 0.452 0.001
55.073 0.631 0.672 0.000
55.090 0.690 0.832 0.000
55.108 0.826 0.946 0.000
55.125 0.894 0.984 0.000
55.142 0.921 0.994 0.000
55.160 0.908 0.997 0.000
55.177 0.883 0.998 0.000
55.195 0.876 0.999 0.000
55.212 0.866 0.999 0.000
55.230 0.868 0.999 0.000
55.247 0.874 0.999 0.000
55.265 0.869 1.000 0.000
55.282 0.864 1.000 0.000
55.299 0.855 1.000 0.000
55.317 0.857 1.000 0.000
55.334 0.865 1.000 0.000
55.352 0.882 1.000 0.000
55.369 0.891 1.000 0.000
55.387 0.893 1.000 0.000
55.404 0.875 1.000 0.000
55.422 0.857 1.000 0.000
55.439 0.845 1.000 0.000
55.456 0.812 1.000 0.000
55.474 0.780 1.000 0.000
55.491 0.775 1.000 0.000
55.509 0.758 1.000 0.000
55.526 0.761 1.000 0.000
55.544 0.775 1.000 0.000
55.561 0.795 1.000 0.000
55.578 0.811 1.000 0.000
55.596 0.799 1.000 0.000
55.613 0.760 1.000 0.000
55.631 0.725 1.000 0.000
55.648 0.617 1.000 0.000
55.666 0.455 1.000 0.000
55.683 0.409 0.999 0.000
55.701 0.368 0.997 0.000
55.718 0.501 0.989 0.000
55.735 0.515 0.967 0.000
55.753 0.482 0.920 0.000
55.770 0.462 0.833 0.000
55.788 0.451 0.713 0.000
55.805 0.485 0.558 0.000
55.823 0.527 0.362 0.000
55.840 0.591 0.191 0.000
55.858 0.682 0.100 0.000
55.875 0.770 0.068 0.000
55.892 0.847 0.047 0.000
55.910 0.915 0.022 0.000
55.927 0.967 0.008 0.000
55.945 0.988 0.003 0.000
55.962 0.995 0.001 0.000
55.980 0.998 0.000 0.000
55.997 0.973 0.041 0.000
56.015 0.974 0.046 0.000
56.032 0.975 0.041 0.000
56.049 0.974 0.044 0.000
56.067 0.969 0.050 0.000
56.084 0.965 0.052 0.000
56.102 0.957 0.049 0.000
56.119 0.947 0.046 0.000
56.137 0.936 0.040 0.000
56.154 0.924 0.030 0.000
56.172 0.912 0.020 0.000
56.189 0.899 0.012 0.000
56.206 0.886 0.008 0.000
56.224 0.870 0.005 0.000
56.241 0.852 0.003 0.000
56.259 0.835 0.002 0.000
56.276 0.820 0.002 0.000
56.294 0.806 0.002 0.000
56.311 0.796 0.002 0.000
56.328 0.794 0.002 0.000
56.346 0.792 0.002 0.000
56.363 0.794 0.001 0.000
56.381 0.802 0.001 0.000
56.398 0.809 0.001 0.000
56.416 0.815 0.001 0.000
56.433 0.820 0.001 0.000
56.451 0.825 0.002 0.000
56.468 0.826 0.002 0.000
56.485 0.832 0.001 0.000
56.503 0.825 0.001 0.000
56.520 0.838 0.001 0.000
56.538 0.857 0.001 0.000
56.555 0.882 0.001 0.000
56.573 0.917 0.001 0.000
56.590 0.944 0.001 0.000
56.608 0.955 0.001 0.000
56.625 0.963 0.001 0.000
56.642 0.970 0.001 0.000
56.660 0.976 0.001 0.000
56.677 0.982 0.001 0.000
56.695 0.986 0.001 0.000
56.712 0.989 0.001 0.000
56.730 0.990 0.001 0.000
56.747 0.991 0.001 0.000
56.765 0.990 0.001 0.000
56.782 0.989 0.001 0.000
56.799 0.989 0.001 0.000
56.817 0.991 0.001 0.000
56.834 0.990 0.001 0.000
56.852 0.987 0.002 0.000
56.869 0.986 0.002 0.000
56.887 0.982 0.002 0.000
56.904 0.975 0.003 0.000
56.922 0.966 0.004 0.000
56.939 0.952 0.005 0.000
56.956 0.933 0.008 0.000
56.974 0.913 0.012 0.000
56.991 0.898 0.018 0.000
57.009 0.893 0.048 0.000
57.026 0.896 0.055 0.000
57.044 0.898 0.062 0.000
57.061 0.898 0.075 0.000
57.078 0.895 0.094 0.000
57.096 0.886 0.117 0.000
57.113 0.880 0.148 0.000
57.131 0.872 0.192 0.000
57.148 0.860 0.240 0.000
57.166 0.830 0.294 0.000
57.183 0.793 0.329 0.000
57.201 0.779 0.368 0.000
57.218 0.773 0.430 0.000
57.235 0.765 0.507 0.000
57.253 0.758 0.545 0.000
57.270 0.761 0.612 0.000
57.288 0.805 0.804 0.000
57.305 0.861 0.942 0.000
57.323 0.886 0.977 0.000
57.340 0.905 0.986 0.000
57.358 0.888 0.991 0.000
57.375 0.875 0.994 0.000
57.392 0.880 0.996 0.000
57.410 0.872 0.999 0.000
57.427 0.846 1.000 0.000
57.445 0.824 1.000 0.000
57.462 0.797 1.000 0.000
57.480 0.760 0.999 0.000
57.497 0.772 1.000 0.000
57.515 0.765 1.000 0.000
57.532 0.751 1.000 0.000
57.549 0.740 1.000 0.000
57.567 0.731 1.000 0.000
57.584 0.715 1.000 0.000
57.602 0.688 1.000 0.000
57.619 0.691 1.000 0.000
57.637 0.713 1.000 0.000
57.654 0.708 1.000 0.000
57.672 0.671 1.000 0.000
57.689 0.641 1.000 0.000
57.706 0.641 1.000 0.000
57.724 0.664 1.000 0.000
57.741 0.660 1.000 0.000
57.759 0.632 1.000 0.000
57.776 0.635 1.000 0.000
57.794 0.659 1.000 0.000
57.811 0.885 0.999 0.000
57.828 0.867 0.999 0.000
57.846 0.826 0.997 0.000
57.863 0.813 0.995 0.000
57.881 0.785 0.993 0.000
57.898 0.754 0.991 0.000
57.916 0.731 0.988 0.000
57.933 0.743 0.979 0.000
57.951 0.731 0.960 0.000
57.968 0.694 0.920 0.000
57.985 0.657 0.849 0.000
58.003 0.665 0.689 0.000
58.020 0.682 0.556 0.000
58.038 0.717 0.378 0.000
58.055 0.761 0.208 0.000
58.073 0.804 0.107 0.000
58.090 0.850 0.062 0.000
58.108 0.882 0.035 0.000
58.125 0.912 0.028 0.000
58.142 0.937 0.020 0.000
58.160 0.953 0.015 0.000
58.177 0.964 0.012 0.000
58.195 0.972 0.009 0.000
58.212 0.978 0.007 0.000
58.230 0.985 0.004 0.000
58.247 0.989 0.003 0.000
58.265 0.992 0.002 0.000
58.282 0.994 0.001 0.000
58.299 0.996 0.001 0.000
58.317 0.997 0.001 0.000
58.334 0.998 0.001 0.000
58.352 0.998 0.000 0.000
58.369 0.999 0.000 0.000
58.387 0.999 0.000 0.000
58.404 0.999 0.000 0.000
58.422 0.999 0.000 0.000
58.439 0.999 0.000 0.000
58.456 0.999 0.000 0.000
58.474 0.999 0.000 0.000
58.491 0.999 0.000 0.000
58.509 0.999 0.000 0.000
58.526 0.998 0.000 0.000
58.544 0.994 0.000 0.000
58.561 0.987 0.000 0.000
58.578 0.973 0.000 0.000
58.596 0.949 0.000 0.000
58.613 0.925 0.000 0.000
58.631 0.907 0.001 0.000
58.648 0.878 0.001 0.000
58.666 0.864 0.001 0.000
58.683 0.861 0.001 0.000
58.701 0.863 0.001 0.000
58.718 0.869 0.001 0.000
58.735 0.880 0.001 0.000
58.753 0.889 0.001 0.000
58.770 0.899 0.001 0.000
58.788 0.910 0.001 0.000
58.805 0.919 0.002 0.000
58.823 0.931 0.002 0.000
58.840 0.940 0.002 0.000
58.858 0.948 0.002 0.000
58.875 0.952 0.002 0.000
58.892 0.959 0.003 0.000
58.910 0.965 0.003 0.000
58.927 0.971 0.003 0.000
58.945 0.976 0.003 0.000
58.962 0.982 0.003 0.000
58.980 0.987 0.002 0.000
58.997 0.985 0.002 0.000
59.015 0.987 0.002 0.000
59.032 0.988 0.002 0.000
59.049 0.988 0.001 0.000
59.067 0.988 0.001 0.000
59.084 0.990 0.001 0.000
59.102 0.991 0.001 0.000
59.119 0.991 0.001 0.000
59.137 0.992 0.001 0.000
59.154 0.991 0.001 0.000
59.172 0.988 0.001 0.000
59.189 0.982 0.001 0.000
59.206 0.975 0.001 0.000
59.224 0.952 0.001 0.000
59.241 0.896 0.001 0.000
59.259 0.858 0.001 0.000
59.276 0.795 0.001 0.000
59.294 0.614 0.001 0.000
59.311 0.403 0.001 0.000
59.328 0.290 0.001 0.000
59.346 0.219 0.001 0.000
59.363 0.172 0.001 0.000
59.381 0.140 0.001 0.000
59.398 0.113 0.001 0.000
59.416 0.095 0.003 0.000
59.433 0.080 0.033 0.000
59.451 0.085 0.066 0.000
59.468 0.102 0.139 0.000
59.485 0.081 0.291 0.000
59.503 0.011 0.494 0.000
59.520 0.004 0.905 0.000
59.538 0.001 0.991 0.000
59.555 0.000 0.999 0.000
59.573 0.000 0.999 0.000
59.590 0.000 1.000 0.000
59.608 0.000 1.000 0.000
59.625 0.000 1.000 0.000
59.642 0.000 1.000 0.000
59.660 0.000 1.000 0.000
59.677 0.000 1.000 0.000
59.695 0.000 1.000 0.000
59.712 0.000 1.000 0.000
59.730 0.000 1.000 0.000
59.747 0.000 1.000 0.000
59.765 0.000 1.000 0.000
59.782 0.000 1.000 0.000
59.799 0.000 1.000 0.000
59.817 0.000 1.000 0.000
59.834 0.000 1.000 0.000
59.852 0.000 1.000 0.000
59.869 0.000 1.000 0.000
59.887 0.000 1.000 0.000
59.904 0.000 1.000 0.000
59.922 0.001 0.999 0.000
59.939 0.001 0.999 0.000
59.956 0.001 0.998 0.000
59.974 0.001 0.996 0.000
59.991 0.001 0.991 0.000
