0.009 0.704 0.046 0.026
0.026 0.749 0.028 0.040
0.044 0.742 0.024 0.044
0.061 0.737 0.021 0.047
0.078 0.730 0.019 0.052
0.096 0.712 0.018 0.056
0.113 0.689 0.017 0.057
0.131 0.665 0.017 0.054
0.148 0.647 0.019 0.049
0.166 0.606 0.021 0.044
0.183 0.591 0.022 0.048
0.201 0.586 0.023 0.050
0.218 0.571 0.026 0.050
0.235 0.560 0.028 0.051
0.253 0.544 0.031 0.052
0.270 0.524 0.035 0.053
0.288 0.490 0.045 0.052
0.305 0.455 0.057 0.051
0.323 0.430 0.062 0.051
0.340 0.428 0.072 0.052
0.358 0.441 0.093 0.050
0.375 0.482 0.142 0.051
0.392 0.506 0.199 0.049
0.410 0.424 0.273 0.036
0.427 0.400 0.330 0.043
0.445 0.399 0.359 0.051
0.462 0.357 0.384 0.037
0.480 0.343 0.480 0.033
0.497 0.399 0.569 0.019
0.515 0.455 0.572 0.014
0.532 0.445 0.617 0.008
0.549 0.424 0.641 0.007
0.567 0.435 0.662 0.005
0.584 0.433 0.685 0.005
0.602 0.429 0.682 0.005
0.619 0.396 0.648 0.006
0.637 0.387 0.608 0.010
0.654 0.367 0.553 0.014
0.672 0.546 0.364 0.021
0.689 0.536 0.311 0.022
0.706 0.509 0.276 0.021
0.724 0.491 0.237 0.020
0.741 0.478 0.194 0.019
0.759 0.489 0.136 0.021
0.776 0.517 0.084 0.022
0.794 0.531 0.056 0.024
0.811 0.545 0.039 0.025
0.828 0.553 0.026 0.027
0.846 0.556 0.019 0.030
0.863 0.567 0.013 0.033
0.881 0.583 0.009 0.037
0.898 0.592 0.006 0.044
0.916 0.595 0.005 0.046
0.933 0.596 0.004 0.047
0.951 0.598 0.003 0.049
0.968 0.596 0.003 0.048
0.985 0.592 0.002 0.044
1.003 0.593 0.002 0.037
1.020 0.588 0.002 0.037
1.038 0.583 0.002 0.036
1.055 0.580 0.002 0.036
1.073 0.581 0.001 0.036
1.090 0.587 0.001 0.038
1.108 0.593 0.001 0.038
1.125 0.604 0.001 0.041
1.142 0.613 0.001 0.046
1.160 0.622 0.002 0.048
1.177 0.633 0.002 0.048
1.195 0.641 0.002 0.047
1.212 0.650 0.002 0.048
1.230 0.668 0.002 0.048
1.247 0.693 0.002 0.051
1.265 0.720 0.002 0.052
1.282 0.739 0.003 0.052
1.299 0.760 0.003 0.051
1.317 0.776 0.004 0.049
1.334 0.780 0.006 0.047
1.352 0.766 0.008 0.040
1.369 0.745 0.010 0.034
1.387 0.741 0.010 0.028
1.404 0.741 0.011 0.025
1.422 0.734 0.011 0.027
1.439 0.737 0.011 0.026
1.456 0.741 0.013 0.025
1.474 0.751 0.015 0.023
1.491 0.763 0.016 0.019
1.509 0.789 0.012 0.012
1.526 0.786 0.012 0.011
1.544 0.779 0.013 0.010
1.561 0.773 0.012 0.009
1.578 0.768 0.012 0.009
1.596 0.766 0.011 0.008
1.613 0.765 0.011 0.008
1.631 0.763 0.009 0.007
1.648 0.755 0.008 0.007
1.666 0.747 0.008 0.006
1.683 0.741 0.007 0.006
1.701 0.732 0.006 0.005
1.718 0.708 0.005 0.004
1.735 0.665 0.005 0.003
1.753 0.593 0.003 0.002
1.770 0.499 0.002 0.001
1.788 0.435 0.001 0.001
1.805 0.386 0.001 0.000
1.823 0.338 0.001 0.000
1.840 0.304 0.000 0.000
1.858 0.280 0.000 0.000
1.875 0.269 0.000 0.000
1.892 0.266 0.000 0.000
1.910 0.262 0.000 0.000
1.927 0.264 0.000 0.000
1.945 0.270 0.000 0.000
1.962 0.270 0.000 0.000
1.980 0.273 0.000 0.000
1.997 0.323 0.001 0.000
2.015 0.331 0.001 0.000
2.032 0.341 0.001 0.000
2.049 0.357 0.001 0.000
2.067 0.377 0.001 0.000
2.084 0.396 0.001 0.001
2.102 0.419 0.001 0.001
2.119 0.453 0.001 0.001
2.137 0.482 0.001 0.001
2.154 0.513 0.001 0.001
2.172 0.548 0.002 0.002
2.189 0.564 0.006 0.002
2.206 0.575 0.013 0.002
2.224 0.608 0.020 0.003
2.241 0.634 0.031 0.003
2.259 0.667 0.037 0.003
2.276 0.692 0.039 0.003
2.294 0.709 0.044 0.003
2.311 0.726 0.046 0.003
2.328 0.736 0.049 0.002
2.346 0.743 0.053 0.002
2.363 0.746 0.060 0.002
2.381 0.743 0.070 0.002
2.398 0.747 0.078 0.002
2.416 0.746 0.088 0.002
2.433 0.748 0.096 0.002
2.451 0.747 0.106 0.002
2.468 0.738 0.111 0.002
2.485 0.726 0.120 0.002
2.503 0.705 0.135 0.001
2.520 0.673 0.137 0.001
2.538 0.643 0.138 0.001
2.555 0.620 0.135 0.001
2.573 0.590 0.127 0.001
2.590 0.540 0.118 0.001
2.608 0.444 0.082 0.001
2.625 0.428 0.061 0.001
2.642 0.421 0.035 0.001
2.660 0.406 0.019 0.001
2.677 0.385 0.010 0.001
2.695 0.389 0.006 0.001
2.712 0.405 0.004 0.001
2.730 0.425 0.003 0.001
2.747 0.456 0.002 0.001
2.765 0.486 0.002 0.001
2.782 0.510 0.002 0.001
2.799 0.536 0.003 0.001
2.817 0.565 0.003 0.001
2.834 0.590 0.004 0.002
2.852 0.609 0.005 0.003
2.869 0.625 0.004 0.005
2.887 0.627 0.004 0.005
2.904 0.647 0.004 0.006
2.922 0.669 0.004 0.007
2.939 0.687 0.004 0.008
2.956 0.697 0.004 0.007
2.974 0.700 0.004 0.007
2.991 0.701 0.004 0.007
3.009 0.687 0.009 0.008
3.026 0.686 0.009 0.011
3.044 0.676 0.009 0.011
3.061 0.655 0.009 0.011
3.078 0.634 0.009 0.011
3.096 0.613 0.009 0.012
3.113 0.594 0.010 0.011
3.131 0.570 0.009 0.010
3.148 0.542 0.011 0.010
3.166 0.498 0.013 0.009
3.183 0.447 0.012 0.008
3.201 0.391 0.009 0.007
3.218 0.359 0.007 0.006
3.235 0.345 0.005 0.004
3.253 0.331 0.004 0.003
3.270 0.322 0.003 0.003
3.288 0.315 0.002 0.003
3.305 0.308 0.002 0.002
3.323 0.302 0.002 0.002
3.340 0.288 0.002 0.002
3.358 0.278 0.002 0.003
3.375 0.258 0.002 0.003
3.392 0.239 0.002 0.003
3.410 0.223 0.002 0.004
3.427 0.209 0.002 0.004
3.445 0.203 0.003 0.004
3.462 0.197 0.003 0.003
3.480 0.183 0.006 0.004
3.497 0.145 0.000 0.000
3.515 0.138 0.000 0.000
3.532 0.137 0.000 0.000
3.549 0.131 0.000 0.000
3.567 0.128 0.000 0.000
3.584 0.128 0.000 0.000
3.602 0.127 0.000 0.000
3.619 0.120 0.000 0.000
3.637 0.120 0.000 0.000
3.654 0.120 0.000 0.000
3.672 0.119 0.000 0.000
3.689 0.118 0.000 0.000
3.706 0.115 0.000 0.000
3.724 0.109 0.000 0.000
3.741 0.104 0.000 0.000
3.759 0.103 0.000 0.000
3.776 0.103 0.000 0.000
3.794 0.098 0.000 0.000
3.811 0.095 0.000 0.000
3.828 0.094 0.000 0.000
3.846 0.094 0.000 0.000
3.863 0.096 0.000 0.000
3.881 0.098 0.000 0.000
3.898 0.099 0.000 0.000
3.916 0.098 0.000 0.000
3.933 0.098 0.000 0.000
3.951 0.102 0.000 0.000
3.968 0.105 0.000 0.000
3.985 0.104 0.000 0.000
4.003 0.126 0.005 0.001
4.020 0.128 0.004 0.002
4.038 0.129 0.004 0.002
4.055 0.132 0.003 0.002
4.073 0.130 0.003 0.002
4.090 0.133 0.003 0.003
4.108 0.135 0.003 0.003
4.125 0.136 0.002 0.004
4.142 0.135 0.002 0.004
4.160 0.134 0.002 0.005
4.177 0.134 0.002 0.005
4.195 0.139 0.002 0.006
4.212 0.145 0.002 0.005
4.230 0.153 0.001 0.005
4.247 0.157 0.001 0.006
4.265 0.165 0.001 0.006
4.282 0.166 0.001 0.008
4.299 0.166 0.001 0.010
4.317 0.163 0.001 0.014
4.334 0.158 0.001 0.018
4.352 0.151 0.001 0.022
4.369 0.141 0.001 0.026
4.387 0.132 0.001 0.029
4.404 0.122 0.001 0.031
4.422 0.114 0.001 0.032
4.439 0.105 0.001 0.031
4.456 0.099 0.002 0.028
4.474 0.093 0.002 0.028
4.491 0.086 0.003 0.027
4.509 0.026 0.001 0.026
4.526 0.024 0.001 0.027
4.544 0.022 0.001 0.027
4.561 0.020 0.001 0.023
4.578 0.018 0.001 0.022
4.596 0.017 0.001 0.021
4.613 0.015 0.001 0.018
4.631 0.014 0.001 0.014
4.648 0.013 0.001 0.010
4.666 0.012 0.001 0.007
4.683 0.010 0.001 0.005
4.701 0.010 0.001 0.003
4.718 0.009 0.001 0.002
4.735 0.008 0.001 0.002
4.753 0.007 0.001 0.001
4.770 0.006 0.001 0.001
4.788 0.006 0.000 0.001
4.805 0.006 0.000 0.001
4.823 0.006 0.000 0.001
4.840 0.005 0.000 0.001
4.858 0.005 0.000 0.001
4.875 0.004 0.000 0.000
4.892 0.004 0.000 0.000
4.910 0.003 0.000 0.000
4.927 0.003 0.000 0.000
4.945 0.003 0.001 0.000
4.962 0.002 0.001 0.000
4.980 0.003 0.001 0.000
4.997 0.013 0.004 0.000
5.015 0.016 0.004 0.001
5.032 0.018 0.004 0.001
5.049 0.022 0.010 0.001
5.067 0.031 0.024 0.002
5.084 0.042 0.041 0.003
5.102 0.054 0.062 0.004
5.119 0.070 0.080 0.006
5.137 0.082 0.094 0.010
5.154 0.083 0.120 0.013
5.172 0.069 0.160 0.015
5.189 0.049 0.230 0.010
5.206 0.031 0.304 0.005
5.224 0.019 0.341 0.003
5.241 0.016 0.337 0.002
5.259 0.015 0.312 0.002
5.276 0.013 0.276 0.002
5.294 0.012 0.260 0.002
5.311 0.012 0.258 0.001
5.328 0.013 0.242 0.001
5.346 0.015 0.218 0.001
5.363 0.016 0.206 0.001
5.381 0.017 0.207 0.001
5.398 0.017 0.200 0.001
5.416 0.016 0.201 0.001
5.433 0.017 0.195 0.001
5.451 0.017 0.199 0.001
5.468 0.019 0.201 0.001
5.485 0.020 0.200 0.001
5.503 0.012 0.182 0.001
5.520 0.012 0.183 0.001
5.538 0.012 0.203 0.001
5.555 0.011 0.236 0.000
5.573 0.010 0.276 0.000
5.590 0.010 0.325 0.000
5.608 0.010 0.345 0.000
5.625 0.009 0.365 0.000
5.642 0.008 0.356 0.000
5.660 0.006 0.361 0.000
5.677 0.003 0.363 0.000
5.695 0.002 0.377 0.000
5.712 0.002 0.384 0.000
5.730 0.002 0.363 0.000
5.747 0.001 0.292 0.000
5.765 0.001 0.203 0.000
5.782 0.001 0.132 0.000
5.799 0.002 0.085 0.000
5.817 0.002 0.061 0.000
5.834 0.002 0.048 0.000
5.852 0.002 0.039 0.000
5.869 0.002 0.034 0.000
5.887 0.002 0.027 0.000
5.904 0.003 0.023 0.000
5.922 0.003 0.019 0.000
5.939 0.004 0.017 0.000
5.956 0.004 0.015 0.000
5.974 0.004 0.013 0.000
5.991 0.005 0.011 0.000
6.009 0.055 0.009 0.000
6.026 0.059 0.009 0.000
6.044 0.064 0.009 0.000
6.061 0.072 0.010 0.000
6.078 0.085 0.011 0.000
6.096 0.103 0.014 0.000
6.113 0.127 0.019 0.000
6.131 0.155 0.024 0.000
6.148 0.188 0.028 0.001
6.166 0.229 0.031 0.000
6.183 0.283 0.035 0.000
6.201 0.339 0.035 0.001
6.218 0.395 0.033 0.001
6.235 0.446 0.031 0.000
6.253 0.494 0.028 0.000
6.270 0.545 0.024 0.000
6.288 0.599 0.024 0.000
6.305 0.646 0.024 0.000
6.323 0.690 0.022 0.000
6.340 0.722 0.021 0.000
6.358 0.748 0.021 0.000
6.375 0.769 0.019 0.000
6.392 0.782 0.018 0.000
6.410 0.787 0.017 0.000
6.427 0.788 0.017 0.000
6.445 0.786 0.017 0.000
6.462 0.783 0.020 0.000
6.480 0.778 0.023 0.000
6.497 0.838 0.000 0.000
6.515 0.819 0.000 0.000
6.532 0.790 0.000 0.000
6.549 0.765 0.000 0.000
6.567 0.741 0.000 0.000
6.584 0.728 0.000 0.000
6.602 0.733 0.000 0.000
6.619 0.741 0.000 0.000
6.637 0.741 0.000 0.000
6.654 0.739 0.000 0.000
6.672 0.739 0.000 0.000
6.689 0.738 0.000 0.000
6.706 0.738 0.000 0.000
6.724 0.745 0.000 0.000
6.741 0.760 0.000 0.000
6.759 0.778 0.000 0.000
6.776 0.803 0.000 0.000
6.794 0.824 0.000 0.000
6.811 0.841 0.000 0.000
6.828 0.861 0.000 0.000
6.846 0.873 0.000 0.000
6.863 0.885 0.000 0.000
6.881 0.896 0.000 0.000
6.898 0.907 0.000 0.000
6.916 0.918 0.000 0.000
6.933 0.926 0.000 0.000
6.951 0.931 0.000 0.000
6.968 0.933 0.000 0.000
6.985 0.933 0.000 0.000
7.003 0.901 0.000 0.000
7.020 0.899 0.000 0.000
7.038 0.891 0.000 0.000
7.055 0.887 0.000 0.000
7.073 0.880 0.000 0.000
7.090 0.872 0.000 0.000
7.108 0.865 0.000 0.000
7.125 0.849 0.000 0.000
7.142 0.830 0.000 0.000
7.160 0.809 0.000 0.000
7.177 0.785 0.000 0.000
7.195 0.759 0.000 0.000
7.212 0.726 0.000 0.000
7.230 0.694 0.000 0.000
7.247 0.661 0.000 0.000
7.265 0.632 0.000 0.000
7.282 0.595 0.000 0.000
7.299 0.558 0.000 0.000
7.317 0.523 0.000 0.000
7.334 0.491 0.000 0.000
7.352 0.462 0.000 0.000
7.369 0.439 0.000 0.000
7.387 0.428 0.000 0.000
7.404 0.420 0.000 0.000
7.422 0.416 0.000 0.000
7.439 0.413 0.000 0.000
7.456 0.408 0.000 0.000
7.474 0.407 0.000 0.000
7.491 0.416 0.001 0.000
7.509 0.411 0.000 0.000
7.526 0.427 0.000 0.000
7.544 0.428 0.000 0.000
7.561 0.428 0.000 0.000
7.578 0.428 0.000 0.000
7.596 0.435 0.000 0.000
7.613 0.439 0.000 0.000
7.631 0.433 0.000 0.000
7.648 0.425 0.000 0.000
7.666 0.426 0.000 0.000
7.683 0.431 0.000 0.000
7.701 0.437 0.000 0.000
7.718 0.447 0.000 0.000
7.735 0.454 0.000 0.000
7.753 0.473 0.000 0.000
7.770 0.526 0.000 0.000
7.788 0.567 0.000 0.000
7.805 0.593 0.000 0.000
7.823 0.618 0.000 0.000
7.840 0.619 0.000 0.000
7.858 0.613 0.000 0.000
7.875 0.589 0.000 0.000
7.892 0.547 0.000 0.001
7.910 0.470 0.000 0.001
7.927 0.389 0.000 0.001
7.945 0.322 0.000 0.001
7.962 0.264 0.000 0.001
7.980 0.218 0.000 0.000
7.997 0.203 0.013 0.001
8.015 0.177 0.013 0.001
8.032 0.157 0.014 0.000
8.049 0.138 0.012 0.000
8.067 0.121 0.011 0.000
8.084 0.114 0.009 0.000
8.102 0.110 0.006 0.000
8.119 0.109 0.005 0.000
8.137 0.110 0.003 0.000
8.154 0.111 0.003 0.000
8.172 0.112 0.002 0.000
8.189 0.111 0.002 0.000
8.206 0.111 0.001 0.000
8.224 0.111 0.001 0.000
8.241 0.109 0.001 0.000
8.259 0.108 0.001 0.000
8.276 0.107 0.001 0.000
8.294 0.104 0.001 0.001
8.311 0.099 0.001 0.001
8.328 0.096 0.001 0.001
8.346 0.093 0.001 0.001
8.363 0.090 0.001 0.001
8.381 0.087 0.001 0.001
8.398 0.085 0.001 0.002
8.416 0.082 0.001 0.002
8.433 0.078 0.001 0.003
8.451 0.075 0.001 0.003
8.468 0.073 0.001 0.004
8.485 0.070 0.002 0.004
8.503 0.022 0.001 0.000
8.520 0.027 0.001 0.000
8.538 0.033 0.001 0.000
8.555 0.040 0.003 0.000
8.573 0.050 0.006 0.000
8.590 0.058 0.008 0.001
8.608 0.056 0.010 0.001
8.625 0.057 0.016 0.001
8.642 0.051 0.027 0.002
8.660 0.037 0.035 0.002
8.677 0.037 0.037 0.003
8.695 0.037 0.043 0.004
8.712 0.037 0.043 0.003
8.730 0.034 0.045 0.002
8.747 0.037 0.042 0.002
8.765 0.040 0.043 0.001
8.782 0.041 0.047 0.001
8.799 0.041 0.048 0.001
8.817 0.044 0.047 0.001
8.834 0.044 0.045 0.001
8.852 0.046 0.043 0.001
8.869 0.055 0.040 0.001
8.887 0.108 0.029 0.001
8.904 0.112 0.031 0.001
8.922 0.112 0.028 0.001
8.939 0.114 0.020 0.001
8.956 0.115 0.014 0.001
8.974 0.116 0.012 0.001
8.991 0.119 0.010 0.001
9.009 0.164 0.008 0.001
9.026 0.170 0.007 0.000
9.044 0.178 0.006 0.000
9.061 0.195 0.006 0.000
9.078 0.220 0.005 0.001
9.096 0.245 0.005 0.001
9.113 0.272 0.005 0.001
9.131 0.302 0.005 0.001
9.148 0.333 0.005 0.001
9.166 0.368 0.006 0.001
9.183 0.400 0.006 0.001
9.201 0.434 0.006 0.001
9.218 0.467 0.006 0.001
9.235 0.498 0.006 0.001
9.253 0.529 0.007 0.001
9.270 0.569 0.008 0.001
9.288 0.620 0.011 0.002
9.305 0.676 0.014 0.001
9.323 0.733 0.016 0.001
9.340 0.788 0.019 0.001
9.358 0.844 0.020 0.001
9.375 0.889 0.020 0.001
9.392 0.921 0.019 0.001
9.410 0.938 0.016 0.001
9.427 0.950 0.015 0.001
9.445 0.959 0.014 0.001
9.462 0.961 0.013 0.001
9.480 0.959 0.012 0.001
9.497 0.978 0.000 0.000
9.515 0.978 0.001 0.000
9.532 0.977 0.001 0.000
9.549 0.973 0.001 0.000
9.567 0.966 0.001 0.000
9.584 0.958 0.001 0.000
9.602 0.950 0.001 0.000
9.619 0.941 0.001 0.000
9.637 0.931 0.001 0.000
9.654 0.921 0.001 0.000
9.672 0.906 0.001 0.000
9.689 0.888 0.001 0.000
9.706 0.867 0.001 0.000
9.724 0.848 0.001 0.000
9.741 0.833 0.001 0.000
9.759 0.812 0.001 0.000
9.776 0.791 0.000 0.000
9.794 0.770 0.000 0.000
9.811 0.756 0.000 0.000
9.828 0.743 0.000 0.000
9.846 0.734 0.000 0.000
9.863 0.727 0.000 0.000
9.881 0.733 0.000 0.000
9.898 0.747 0.000 0.000
9.916 0.776 0.000 0.000
9.933 0.799 0.000 0.000
9.951 0.820 0.001 0.000
9.968 0.857 0.001 0.000
9.985 0.891 0.001 0.000
10.003 0.923 0.018 0.000
10.020 0.955 0.017 0.000
10.038 0.970 0.016 0.000
10.055 0.980 0.016 0.000
10.073 0.986 0.016 0.000
10.090 0.990 0.017 0.000
10.108 0.991 0.018 0.000
10.125 0.992 0.019 0.000
10.142 0.993 0.020 0.000
10.160 0.993 0.022 0.000
10.177 0.993 0.025 0.000
10.195 0.993 0.028 0.000
10.212 0.993 0.030 0.000
10.230 0.993 0.033 0.000
10.247 0.992 0.038 0.000
10.265 0.990 0.043 0.000
10.282 0.987 0.044 0.000
10.299 0.978 0.053 0.000
10.317 0.968 0.062 0.000
10.334 0.956 0.059 0.000
10.352 0.929 0.057 0.000
10.369 0.879 0.040 0.000
10.387 0.786 0.021 0.000
10.404 0.677 0.015 0.000
10.422 0.580 0.013 0.000
10.439 0.456 0.009 0.000
10.456 0.323 0.006 0.000
10.474 0.237 0.005 0.000
10.491 0.191 0.004 0.000
10.509 0.117 0.001 0.000
10.526 0.098 0.001 0.000
10.544 0.108 0.000 0.000
10.561 0.114 0.000 0.000
10.578 0.118 0.000 0.000
10.596 0.124 0.000 0.000
10.613 0.125 0.000 0.000
10.631 0.130 0.000 0.000
10.648 0.142 0.000 0.000
10.666 0.155 0.000 0.000
10.683 0.175 0.000 0.000
10.701 0.194 0.000 0.000
10.718 0.225 0.000 0.000
10.735 0.267 0.000 0.000
10.753 0.311 0.001 0.000
10.770 0.345 0.001 0.000
10.788 0.375 0.001 0.000
10.805 0.411 0.002 0.000
10.823 0.452 0.003 0.000
10.840 0.487 0.004 0.000
10.858 0.524 0.005 0.000
10.875 0.555 0.008 0.000
10.892 0.594 0.011 0.001
10.910 0.673 0.014 0.001
10.927 0.761 0.020 0.001
10.945 0.800 0.027 0.001
10.962 0.818 0.038 0.001
10.980 0.829 0.050 0.001
10.997 0.802 0.062 0.001
11.015 0.806 0.081 0.001
11.032 0.800 0.111 0.001
11.049 0.795 0.146 0.002
11.067 0.801 0.187 0.001
11.084 0.813 0.228 0.001
11.102 0.814 0.259 0.001
11.119 0.822 0.277 0.001
11.137 0.828 0.288 0.002
11.154 0.822 0.272 0.001
11.172 0.811 0.254 0.001
11.189 0.797 0.239 0.001
11.206 0.782 0.221 0.001
11.224 0.759 0.201 0.001
11.241 0.729 0.196 0.001
11.259 0.698 0.183 0.001
11.276 0.670 0.156 0.000
11.294 0.636 0.131 0.000
11.311 0.601 0.107 0.000
11.328 0.571 0.087 0.000
11.346 0.545 0.071 0.000
11.363 0.518 0.059 0.000
11.381 0.492 0.049 0.000
11.398 0.471 0.041 0.000
11.416 0.456 0.036 0.000
11.433 0.440 0.031 0.000
11.451 0.426 0.027 0.000
11.468 0.420 0.023 0.000
11.485 0.418 0.021 0.001
11.503 0.374 0.000 0.000
11.520 0.379 0.000 0.000
11.538 0.383 0.000 0.000
11.555 0.384 0.000 0.000
11.573 0.391 0.000 0.000
11.590 0.397 0.000 0.000
11.608 0.395 0.000 0.000
11.625 0.389 0.000 0.000
11.642 0.378 0.000 0.000
11.660 0.359 0.000 0.000
11.677 0.353 0.000 0.000
11.695 0.347 0.000 0.000
11.712 0.350 0.000 0.000
11.730 0.340 0.000 0.000
11.747 0.333 0.000 0.000
11.765 0.322 0.000 0.000
11.782 0.325 0.000 0.000
11.799 0.342 0.000 0.000
11.817 0.362 0.000 0.000
11.834 0.382 0.000 0.000
11.852 0.402 0.000 0.000
11.869 0.418 0.000 0.000
11.887 0.427 0.000 0.000
11.904 0.446 0.000 0.000
11.922 0.465 0.000 0.000
11.939 0.491 0.000 0.000
11.956 0.516 0.000 0.000
11.974 0.523 0.000 0.000
11.991 0.534 0.000 0.000
12.009 0.527 0.003 0.000
12.026 0.533 0.003 0.000
12.044 0.543 0.003 0.000
12.061 0.560 0.003 0.000
12.078 0.574 0.004 0.000
12.096 0.580 0.004 0.000
12.113 0.582 0.004 0.000
12.131 0.595 0.004 0.000
12.148 0.592 0.004 0.001
12.166 0.583 0.004 0.001
12.183 0.558 0.004 0.001
12.201 0.526 0.004 0.001
12.218 0.488 0.005 0.001
12.235 0.456 0.006 0.001
12.253 0.425 0.006 0.001
12.270 0.392 0.006 0.002
12.288 0.357 0.006 0.002
12.305 0.323 0.005 0.002
12.323 0.285 0.004 0.002
12.340 0.249 0.004 0.001
12.358 0.217 0.004 0.001
12.375 0.187 0.003 0.001
12.392 0.162 0.003 0.001
12.410 0.142 0.003 0.001
12.427 0.125 0.003 0.001
12.445 0.114 0.003 0.001
12.462 0.105 0.004 0.001
12.480 0.099 0.004 0.001
12.497 0.015 0.001 0.000
12.515 0.014 0.001 0.000
12.532 0.014 0.001 0.000
12.549 0.015 0.001 0.000
12.567 0.015 0.001 0.000
12.584 0.016 0.001 0.000
12.602 0.017 0.001 0.000
12.619 0.018 0.001 0.000
12.637 0.018 0.001 0.000
12.654 0.017 0.001 0.000
12.672 0.017 0.001 0.000
12.689 0.018 0.001 0.000
12.706 0.018 0.001 0.000
12.724 0.019 0.001 0.000
12.741 0.019 0.001 0.000
12.759 0.019 0.001 0.000
12.776 0.018 0.001 0.000
12.794 0.018 0.001 0.000
12.811 0.018 0.001 0.000
12.828 0.018 0.001 0.000
12.846 0.018 0.001 0.000
12.863 0.018 0.001 0.000
12.881 0.018 0.001 0.000
12.898 0.019 0.001 0.000
12.916 0.020 0.001 0.000
12.933 0.021 0.001 0.000
12.951 0.021 0.001 0.000
12.968 0.022 0.001 0.000
12.985 0.023 0.001 0.000
13.003 0.038 0.029 0.001
13.020 0.039 0.029 0.001
13.038 0.043 0.030 0.001
13.055 0.046 0.032 0.001
13.073 0.049 0.035 0.001
13.090 0.051 0.038 0.001
13.108 0.055 0.043 0.001
13.125 0.059 0.050 0.002
13.142 0.062 0.057 0.002
13.160 0.064 0.068 0.002
13.177 0.066 0.079 0.002
13.195 0.067 0.093 0.002
13.212 0.063 0.107 0.002
13.230 0.057 0.115 0.001
13.247 0.050 0.114 0.001
13.265 0.043 0.121 0.001
13.282 0.037 0.127 0.001
13.299 0.034 0.131 0.001
13.317 0.032 0.126 0.001
13.334 0.031 0.097 0.001
13.352 0.032 0.064 0.001
13.369 0.035 0.036 0.001
13.387 0.036 0.023 0.001
13.404 0.039 0.015 0.002
13.422 0.042 0.010 0.003
13.439 0.043 0.007 0.004
13.456 0.044 0.005 0.006
13.474 0.043 0.005 0.007
13.491 0.040 0.005 0.005
13.509 0.001 0.002 0.000
13.526 0.001 0.001 0.000
13.544 0.001 0.001 0.000
13.561 0.001 0.001 0.000
13.578 0.001 0.000 0.000
13.596 0.001 0.000 0.000
13.613 0.001 0.000 0.000
13.631 0.001 0.000 0.000
13.648 0.000 0.000 0.000
13.666 0.000 0.000 0.000
13.683 0.000 0.000 0.000
13.701 0.001 0.000 0.000
13.718 0.001 0.000 0.000
13.735 0.001 0.000 0.000
13.753 0.001 0.000 0.000
13.770 0.001 0.000 0.000
13.788 0.001 0.000 0.000
13.805 0.001 0.000 0.000
13.823 0.001 0.000 0.000
13.840 0.001 0.000 0.000
13.858 0.001 0.000 0.000
13.875 0.001 0.000 0.000
13.892 0.001 0.000 0.000
13.910 0.001 0.000 0.000
13.927 0.001 0.000 0.000
13.945 0.001 0.000 0.000
13.962 0.002 0.000 0.000
13.980 0.002 0.000 0.000
13.997 0.038 0.002 0.000
14.015 0.036 0.001 0.000
14.032 0.037 0.001 0.000
14.049 0.039 0.001 0.000
14.067 0.045 0.001 0.000
14.084 0.051 0.001 0.000
14.102 0.058 0.001 0.000
14.119 0.067 0.001 0.000
14.137 0.077 0.001 0.000
14.154 0.089 0.001 0.000
14.172 0.104 0.001 0.000
14.189 0.123 0.001 0.000
14.206 0.150 0.001 0.000
14.224 0.181 0.002 0.000
14.241 0.216 0.003 0.000
14.259 0.266 0.007 0.000
14.276 0.342 0.016 0.001
14.294 0.414 0.034 0.001
14.311 0.429 0.063 0.003
14.328 0.436 0.099 0.002
14.346 0.445 0.131 0.001
14.363 0.511 0.136 0.001
14.381 0.578 0.127 0.002
14.398 0.622 0.109 0.002
14.416 0.650 0.091 0.002
14.433 0.674 0.077 0.002
14.451 0.690 0.067 0.002
14.468 0.704 0.058 0.002
14.485 0.712 0.052 0.002
14.503 0.792 0.004 0.001
14.520 0.812 0.004 0.001
14.538 0.831 0.003 0.001
14.555 0.841 0.003 0.001
14.573 0.844 0.002 0.001
14.590 0.847 0.002 0.001
14.608 0.853 0.002 0.001
14.625 0.857 0.001 0.001
14.642 0.864 0.001 0.001
14.660 0.875 0.001 0.001
14.677 0.884 0.001 0.001
14.695 0.895 0.001 0.001
14.712 0.908 0.001 0.001
14.730 0.917 0.001 0.001
14.747 0.923 0.001 0.001
14.765 0.922 0.001 0.001
14.782 0.923 0.001 0.001
14.799 0.923 0.001 0.001
14.817 0.921 0.001 0.001
14.834 0.912 0.001 0.001
14.852 0.897 0.001 0.002
14.869 0.871 0.001 0.002
14.887 0.826 0.001 0.002
14.904 0.782 0.001 0.002
14.922 0.744 0.001 0.001
14.939 0.708 0.001 0.001
14.956 0.686 0.000 0.001
14.974 0.673 0.000 0.001
14.991 0.670 0.000 0.001
15.009 0.687 0.002 0.001
15.026 0.699 0.002 0.001
15.044 0.693 0.002 0.001
15.061 0.695 0.001 0.001
15.078 0.708 0.001 0.001
15.096 0.705 0.001 0.001
15.113 0.710 0.001 0.001
15.131 0.717 0.001 0.001
15.148 0.727 0.001 0.001
15.166 0.739 0.001 0.001
15.183 0.748 0.001 0.002
15.201 0.758 0.001 0.002
15.218 0.771 0.001 0.002
15.235 0.783 0.001 0.002
15.253 0.799 0.002 0.002
15.270 0.813 0.002 0.003
15.288 0.830 0.002 0.003
15.305 0.843 0.002 0.003
15.323 0.853 0.002 0.004
15.340 0.861 0.002 0.004
15.358 0.865 0.002 0.005
15.375 0.873 0.002 0.005
15.392 0.879 0.002 0.005
15.410 0.884 0.003 0.005
15.427 0.892 0.003 0.005
15.445 0.903 0.003 0.006
15.462 0.909 0.004 0.006
15.480 0.910 0.005 0.006
15.497 0.936 0.003 0.005
15.515 0.935 0.003 0.006
15.532 0.930 0.002 0.007
15.549 0.921 0.002 0.007
15.567 0.914 0.001 0.008
15.584 0.914 0.001 0.007
15.602 0.914 0.001 0.006
15.619 0.911 0.001 0.006
15.637 0.908 0.001 0.006
15.654 0.905 0.001 0.006
15.672 0.901 0.001 0.005
15.689 0.898 0.002 0.005
15.706 0.896 0.002 0.005
15.724 0.895 0.002 0.005
15.741 0.896 0.002 0.005
15.759 0.897 0.002 0.006
15.776 0.898 0.002 0.007
15.794 0.899 0.002 0.008
15.811 0.897 0.002 0.011
15.828 0.891 0.003 0.014
15.846 0.880 0.003 0.018
15.863 0.875 0.004 0.016
15.881 0.877 0.004 0.015
15.898 0.876 0.004 0.013
15.916 0.872 0.004 0.014
15.933 0.866 0.004 0.015
15.951 0.862 0.003 0.015
15.968 0.852 0.003 0.016
15.985 0.836 0.003 0.015
16.003 0.823 0.006 0.014
16.020 0.811 0.005 0.013
16.038 0.797 0.004 0.012
16.055 0.795 0.004 0.011
16.073 0.796 0.003 0.009
16.090 0.801 0.003 0.007
16.108 0.810 0.003 0.006
16.125 0.812 0.003 0.006
16.142 0.806 0.003 0.006
16.160 0.804 0.003 0.006
16.177 0.803 0.003 0.008
16.195 0.802 0.003 0.009
16.212 0.808 0.003 0.009
16.230 0.814 0.002 0.009
16.247 0.820 0.002 0.009
16.265 0.824 0.002 0.008
16.282 0.823 0.002 0.009
16.299 0.816 0.003 0.009
16.317 0.804 0.003 0.008
16.334 0.788 0.003 0.008
16.352 0.776 0.003 0.007
16.369 0.777 0.003 0.006
16.387 0.779 0.003 0.005
16.404 0.783 0.003 0.005
16.422 0.781 0.003 0.005
16.439 0.778 0.003 0.004
16.456 0.777 0.003 0.004
16.474 0.773 0.003 0.004
16.491 0.767 0.004 0.003
16.509 0.777 0.001 0.000
16.526 0.766 0.001 0.000
16.544 0.776 0.001 0.000
16.561 0.785 0.001 0.000
16.578 0.788 0.001 0.000
16.596 0.790 0.001 0.000
16.613 0.790 0.001 0.000
16.631 0.800 0.001 0.000
16.648 0.816 0.001 0.000
16.666 0.839 0.001 0.000
16.683 0.874 0.001 0.000
16.701 0.904 0.001 0.000
16.718 0.921 0.002 0.001
16.735 0.935 0.002 0.001
16.753 0.948 0.002 0.000
16.770 0.963 0.002 0.000
16.788 0.975 0.001 0.000
16.805 0.981 0.001 0.000
16.823 0.984 0.001 0.000
16.840 0.986 0.001 0.000
16.858 0.989 0.001 0.000
16.875 0.990 0.001 0.000
16.892 0.990 0.001 0.000
16.910 0.989 0.001 0.000
16.927 0.987 0.001 0.000
16.945 0.982 0.001 0.000
16.962 0.975 0.001 0.000
16.980 0.965 0.001 0.000
16.997 0.863 0.005 0.000
17.015 0.810 0.003 0.000
17.032 0.768 0.003 0.000
17.049 0.724 0.002 0.000
17.067 0.681 0.002 0.000
17.084 0.650 0.002 0.000
17.102 0.625 0.002 0.000
17.119 0.598 0.001 0.000
17.137 0.557 0.001 0.000
17.154 0.506 0.001 0.000
17.172 0.435 0.001 0.000
17.189 0.365 0.001 0.000
17.206 0.308 0.001 0.000
17.224 0.263 0.001 0.000
17.241 0.226 0.001 0.000
17.259 0.196 0.001 0.000
17.276 0.171 0.001 0.000
17.294 0.151 0.001 0.000
17.311 0.131 0.001 0.000
17.328 0.117 0.001 0.000
17.346 0.104 0.001 0.000
17.363 0.096 0.001 0.000
17.381 0.091 0.001 0.000
17.398 0.083 0.001 0.000
17.416 0.076 0.001 0.000
17.433 0.070 0.001 0.001
17.451 0.068 0.001 0.001
17.468 0.066 0.001 0.001
17.485 0.066 0.001 0.001
17.503 0.027 0.000 0.000
17.520 0.027 0.000 0.000
17.538 0.027 0.000 0.000
17.555 0.027 0.000 0.000
17.573 0.027 0.000 0.000
17.590 0.028 0.000 0.000
17.608 0.028 0.000 0.000
17.625 0.029 0.000 0.000
17.642 0.030 0.000 0.000
17.660 0.030 0.000 0.000
17.677 0.029 0.000 0.000
17.695 0.032 0.000 0.000
17.712 0.033 0.000 0.000
17.730 0.036 0.000 0.000
17.747 0.039 0.000 0.000
17.765 0.040 0.000 0.000
17.782 0.042 0.000 0.000
17.799 0.044 0.000 0.000
17.817 0.046 0.000 0.000
17.834 0.051 0.000 0.000
17.852 0.057 0.000 0.000
17.869 0.064 0.000 0.000
17.887 0.073 0.000 0.000
17.904 0.083 0.001 0.000
17.922 0.104 0.001 0.000
17.939 0.138 0.001 0.001
17.956 0.164 0.002 0.001
17.974 0.199 0.003 0.001
17.991 0.245 0.005 0.002
18.009 0.322 0.013 0.002
18.026 0.360 0.015 0.002
18.044 0.391 0.021 0.003
18.061 0.433 0.030 0.003
18.078 0.467 0.042 0.004
18.096 0.503 0.059 0.004
18.113 0.541 0.078 0.005
18.131 0.577 0.109 0.006
18.148 0.611 0.151 0.007
18.166 0.646 0.206 0.007
18.183 0.741 0.291 0.008
18.201 0.795 0.344 0.007
18.218 0.828 0.359 0.005
18.235 0.853 0.360 0.004
18.253 0.869 0.356 0.003
18.270 0.876 0.352 0.003
18.288 0.879 0.338 0.002
18.305 0.882 0.334 0.002
18.323 0.886 0.343 0.002
18.340 0.889 0.341 0.002
18.358 0.889 0.330 0.001
18.375 0.889 0.350 0.001
18.392 0.889 0.359 0.001
18.410 0.888 0.362 0.001
18.427 0.887 0.363 0.001
18.445 0.884 0.366 0.001
18.462 0.877 0.368 0.001
18.480 0.871 0.372 0.002
18.497 0.880 0.355 0.001
18.515 0.871 0.300 0.001
18.532 0.856 0.253 0.001
18.549 0.842 0.215 0.001
18.567 0.825 0.176 0.001
18.584 0.811 0.142 0.001
18.602 0.798 0.117 0.001
18.619 0.785 0.094 0.001
18.637 0.765 0.065 0.001
18.654 0.731 0.043 0.001
18.672 0.691 0.028 0.000
18.689 0.653 0.018 0.000
18.706 0.633 0.011 0.000
18.724 0.626 0.007 0.000
18.741 0.629 0.005 0.000
18.759 0.638 0.003 0.000
18.776 0.656 0.003 0.000
18.794 0.683 0.002 0.000
18.811 0.720 0.002 0.000
18.828 0.749 0.001 0.000
18.846 0.772 0.001 0.000
18.863 0.798 0.001 0.000
18.881 0.824 0.001 0.000
18.898 0.848 0.001 0.000
18.916 0.870 0.001 0.000
18.933 0.889 0.001 0.000
18.951 0.906 0.001 0.000
18.968 0.930 0.001 0.000
18.985 0.949 0.001 0.000
19.003 0.920 0.003 0.000
19.020 0.933 0.003 0.000
19.038 0.934 0.002 0.000
19.055 0.931 0.002 0.000
19.073 0.925 0.002 0.000
19.090 0.917 0.001 0.000
19.108 0.907 0.001 0.000
19.125 0.892 0.001 0.000
19.142 0.874 0.001 0.000
19.160 0.850 0.001 0.000
19.177 0.821 0.001 0.000
19.195 0.786 0.001 0.000
19.212 0.743 0.001 0.000
19.230 0.689 0.001 0.000
19.247 0.616 0.001 0.000
19.265 0.569 0.001 0.000
19.282 0.534 0.001 0.000
19.299 0.498 0.001 0.000
19.317 0.466 0.001 0.000
19.334 0.434 0.001 0.000
19.352 0.405 0.001 0.000
19.369 0.379 0.000 0.000
19.387 0.357 0.000 0.000
19.404 0.337 0.001 0.000
19.422 0.322 0.001 0.000
19.439 0.308 0.001 0.000
19.456 0.299 0.001 0.001
19.474 0.291 0.002 0.001
19.491 0.290 0.002 0.001
19.509 0.260 0.000 0.000
19.526 0.264 0.000 0.000
19.544 0.275 0.000 0.000
19.561 0.285 0.000 0.000
19.578 0.293 0.000 0.000
19.596 0.307 0.000 0.000
19.613 0.322 0.000 0.000
19.631 0.340 0.000 0.000
19.648 0.364 0.000 0.001
19.666 0.381 0.000 0.001
19.683 0.401 0.000 0.001
19.701 0.424 0.000 0.001
19.718 0.451 0.001 0.001
19.735 0.482 0.001 0.001
19.753 0.502 0.001 0.001
19.770 0.517 0.001 0.002
19.788 0.535 0.002 0.002
19.805 0.552 0.003 0.003
19.823 0.562 0.004 0.003
19.840 0.573 0.004 0.005
19.858 0.584 0.004 0.007
19.875 0.606 0.006 0.009
19.892 0.627 0.008 0.010
19.910 0.650 0.012 0.011
19.927 0.667 0.017 0.013
19.945 0.672 0.025 0.014
19.962 0.668 0.035 0.015
19.980 0.663 0.051 0.014
19.997 0.664 0.072 0.013
20.015 0.660 0.106 0.014
20.032 0.693 0.151 0.014
20.049 0.710 0.196 0.014
20.067 0.730 0.238 0.013
20.084 0.751 0.274 0.012
20.102 0.763 0.285 0.012
20.119 0.768 0.284 0.013
20.137 0.763 0.279 0.011
20.154 0.753 0.266 0.011
20.172 0.736 0.244 0.010
20.189 0.699 0.230 0.010
20.206 0.660 0.225 0.009
20.224 0.630 0.216 0.009
20.241 0.602 0.210 0.007
20.259 0.575 0.199 0.006
20.276 0.544 0.182 0.006
20.294 0.513 0.178 0.005
20.311 0.489 0.176 0.005
20.328 0.478 0.166 0.004
20.346 0.454 0.156 0.004
20.363 0.433 0.146 0.004
20.381 0.413 0.135 0.003
20.398 0.397 0.126 0.003
20.416 0.382 0.112 0.003
20.433 0.373 0.095 0.002
20.451 0.363 0.079 0.002
20.468 0.354 0.067 0.002
20.485 0.347 0.057 0.003
20.503 0.300 0.035 0.001
20.520 0.299 0.016 0.001
20.538 0.281 0.007 0.001
20.555 0.271 0.004 0.000
20.573 0.273 0.002 0.000
20.590 0.282 0.002 0.000
20.608 0.281 0.002 0.000
20.625 0.304 0.001 0.000
20.642 0.320 0.001 0.000
20.660 0.328 0.001 0.000
20.677 0.334 0.001 0.000
20.695 0.339 0.001 0.000
20.712 0.343 0.001 0.000
20.730 0.341 0.001 0.000
20.747 0.341 0.001 0.000
20.765 0.337 0.000 0.001
20.782 0.331 0.000 0.001
20.799 0.312 0.000 0.001
20.817 0.290 0.000 0.001
20.834 0.262 0.000 0.001
20.852 0.232 0.000 0.001
20.869 0.204 0.001 0.001
20.887 0.180 0.000 0.001
20.904 0.158 0.000 0.000
20.922 0.141 0.000 0.000
20.939 0.123 0.000 0.000
20.956 0.111 0.000 0.000
20.974 0.099 0.000 0.000
20.991 0.092 0.000 0.000
21.009 0.115 0.011 0.002
21.026 0.108 0.009 0.003
21.044 0.102 0.009 0.003
21.061 0.098 0.008 0.003
21.078 0.095 0.008 0.003
21.096 0.090 0.008 0.004
21.113 0.090 0.007 0.004
21.131 0.089 0.006 0.004
21.148 0.090 0.006 0.004
21.166 0.094 0.005 0.003
21.183 0.098 0.004 0.004
21.201 0.106 0.003 0.005
21.218 0.109 0.002 0.005
21.235 0.106 0.002 0.006
21.253 0.104 0.002 0.007
21.270 0.103 0.002 0.008
21.288 0.103 0.002 0.009
21.305 0.102 0.002 0.011
21.323 0.103 0.002 0.011
21.340 0.107 0.002 0.012
21.358 0.107 0.002 0.014
21.375 0.107 0.002 0.014
21.392 0.108 0.002 0.017
21.410 0.109 0.002 0.019
21.427 0.108 0.003 0.021
21.445 0.112 0.003 0.020
21.462 0.110 0.004 0.021
21.480 0.109 0.004 0.024
21.497 0.087 0.002 0.021
21.515 0.087 0.002 0.020
21.532 0.085 0.002 0.018
21.549 0.083 0.002 0.015
21.567 0.083 0.002 0.013
21.584 0.086 0.002 0.012
21.602 0.094 0.003 0.011
21.619 0.111 0.003 0.010
21.637 0.141 0.003 0.010
21.654 0.206 0.005 0.014
21.672 0.249 0.009 0.023
21.689 0.275 0.014 0.033
21.706 0.291 0.021 0.033
21.724 0.298 0.030 0.031
21.741 0.302 0.041 0.027
21.759 0.293 0.056 0.025
21.776 0.266 0.080 0.022
21.794 0.247 0.099 0.019
21.811 0.247 0.119 0.015
21.828 0.256 0.142 0.013
21.846 0.250 0.175 0.012
21.863 0.228 0.211 0.011
21.881 0.209 0.250 0.011
21.898 0.198 0.290 0.011
21.916 0.191 0.326 0.010
21.933 0.189 0.348 0.010
21.951 0.193 0.371 0.009
21.968 0.194 0.391 0.009
21.985 0.194 0.411 0.009
22.003 0.264 0.410 0.008
22.020 0.253 0.426 0.007
22.038 0.257 0.432 0.007
22.055 0.269 0.436 0.006
22.073 0.286 0.451 0.006
22.090 0.296 0.430 0.005
22.108 0.302 0.401 0.003
22.125 0.326 0.355 0.003
22.142 0.354 0.325 0.003
22.160 0.384 0.305 0.003
22.177 0.420 0.285 0.002
22.195 0.460 0.266 0.002
22.212 0.502 0.255 0.002
22.230 0.546 0.252 0.002
22.247 0.589 0.248 0.002
22.265 0.631 0.247 0.003
22.282 0.670 0.246 0.003
22.299 0.707 0.225 0.002
22.317 0.742 0.188 0.002
22.334 0.772 0.142 0.002
22.352 0.797 0.102 0.002
22.369 0.821 0.080 0.002
22.387 0.836 0.058 0.003
22.404 0.856 0.042 0.003
22.422 0.876 0.035 0.003
22.439 0.881 0.033 0.003
22.456 0.883 0.031 0.003
22.474 0.890 0.026 0.003
22.491 0.896 0.023 0.004
22.509 0.951 0.009 0.001
22.526 0.949 0.007 0.001
22.544 0.947 0.006 0.001
22.561 0.945 0.006 0.001
22.578 0.941 0.006 0.001
22.596 0.937 0.006 0.001
22.613 0.937 0.006 0.001
22.631 0.942 0.005 0.001
22.648 0.942 0.005 0.001
22.666 0.941 0.005 0.001
22.683 0.943 0.004 0.001
22.701 0.945 0.003 0.001
22.718 0.945 0.003 0.001
22.735 0.943 0.003 0.001
22.753 0.941 0.003 0.001
22.770 0.941 0.003 0.001
22.788 0.940 0.003 0.001
22.805 0.936 0.003 0.001
22.823 0.932 0.003 0.001
22.840 0.925 0.002 0.001
22.858 0.920 0.002 0.001
22.875 0.916 0.002 0.001
22.892 0.907 0.002 0.001
22.910 0.897 0.002 0.001
22.927 0.881 0.001 0.001
22.945 0.865 0.001 0.002
22.962 0.852 0.001 0.002
22.980 0.831 0.001 0.002
